      0/29    0.422G    0.1136   0.04434   0.06935    0.2273         8       416  0.002321   0.04221  0.001099 0.0003044    0.1102   0.06766   0.06826
      1/29    0.468G    0.1129   0.05149   0.06903    0.2334        13       416  0.001072   0.03391 0.0002486 4.414e-05    0.1104   0.06634   0.06834
      2/29    0.468G    0.1127    0.0483   0.06878    0.2297        13       416  0.001942   0.06892 0.0004633 0.0001027    0.1105   0.06611   0.06838
      3/29    0.468G    0.1114   0.05136   0.06846    0.2312        19       416  0.002174   0.08281  0.001262 0.0002924    0.1105   0.06635   0.06837
      4/29     0.47G    0.1112   0.05342   0.06831     0.233        60       416  0.001083   0.06966 0.0009097 0.0001259    0.1103   0.06642   0.06825
      5/29     0.47G    0.1101   0.05483   0.06815    0.2331        17       416 0.0009395   0.06386 0.0007451 9.684e-05    0.1101   0.06754    0.0682
      6/29     0.47G    0.1107     0.058   0.06773    0.2365        14       416 0.0009985    0.0724 0.0007627 8.558e-05      0.11   0.06835   0.06814
      7/29     0.47G    0.1097   0.05505   0.06774    0.2325        21       416 0.0008875   0.05531 0.0002877 4.842e-05      0.11   0.06872   0.06806
      8/29     0.47G    0.1085   0.05262   0.06758    0.2287        10       416   0.00107   0.05827 0.0003261 5.303e-05    0.1097   0.06968   0.06794
      9/29     0.47G    0.1086   0.05746   0.06712    0.2331        34       416  0.001076   0.05827 0.0002854 5.529e-05    0.1095   0.07074   0.06788
     10/29     0.47G    0.1087   0.05547   0.06725    0.2314        14       416    0.2319  0.003205 0.0002339  4.37e-05    0.1093   0.07111   0.06784
     11/29     0.47G    0.1074   0.05912   0.06698    0.2335        21       416  0.001036   0.05777 0.0002495 4.786e-05    0.1091   0.07169   0.06778
     12/29     0.47G    0.1078    0.0533   0.06688     0.228         8       416  0.001183   0.06123 0.0002663  4.24e-05    0.1089   0.07231   0.06766
     13/29     0.47G    0.1068   0.06058   0.06662     0.234        32       416  0.001303   0.06418 0.0002957 4.494e-05    0.1088   0.07275   0.06759
     14/29     0.47G    0.1066   0.05788   0.06643    0.2309         8       416  0.001165   0.06394 0.0002797  4.19e-05    0.1086   0.07298   0.06757
     15/29     0.47G    0.1071   0.05481   0.06632    0.2283        11       416  0.001155   0.05539 0.0002488 3.508e-05    0.1083   0.07409   0.06748
     16/29     0.47G    0.1078   0.04739   0.06618    0.2214         7       416  0.001144   0.05539  0.000244 3.488e-05    0.1083   0.07416   0.06744
     17/29     0.47G    0.1069   0.06476   0.06591    0.2376        28       416  0.001128   0.05539  0.000247 3.515e-05    0.1082   0.07428   0.06742
     18/29     0.47G    0.1058   0.05434   0.06594    0.2261        20       416  0.001084   0.04684 0.0002274 3.289e-05    0.1082   0.07472   0.06735
     19/29     0.47G    0.1059   0.06204   0.06561    0.2335        16       416  0.001061   0.04684 0.0002257 3.339e-05    0.1082   0.07449   0.06732
     20/29     0.47G     0.107   0.05518    0.0656    0.2278         8       416  0.001031   0.04684 0.0002284  3.45e-05     0.108   0.07481   0.06724
     21/29     0.47G    0.1061   0.06133   0.06536    0.2328         8       416  0.001037   0.04684 0.0002279 3.251e-05    0.1079   0.07476    0.0672
     22/29     0.47G    0.1073   0.05398   0.06574     0.227        12       416 0.0009393   0.04389  0.000209 3.162e-05    0.1079   0.07495   0.06719
     23/29     0.47G    0.1066     0.057   0.06571    0.2293        11       416 0.0006222   0.03772 0.0001177  1.79e-05    0.1078   0.07499   0.06719
     24/29     0.47G    0.1052   0.06073   0.06484    0.2308        33       416 0.0005077   0.03476 0.0001102 2.192e-05    0.1078   0.07532    0.0671
     25/29     0.47G    0.1067    0.0484   0.06515    0.2203         6       416 0.0006225   0.03772 0.0001255 2.716e-05    0.1076   0.07544   0.06707
     26/29     0.47G     0.106   0.05644   0.06489    0.2273         8       416  0.000499   0.03476 0.0001037 2.739e-05    0.1076   0.07581   0.06704
     27/29     0.47G    0.1062   0.05998   0.06552    0.2317        17       416 0.0006884   0.03797 0.0001279 2.434e-05    0.1076   0.07562   0.06699
     28/29     0.47G     0.105   0.06228   0.06477    0.2321        36       416 0.0006918   0.03797 0.0001379 2.475e-05    0.1076   0.07573   0.06693
     29/29     0.47G    0.1049   0.05795   0.06497    0.2279        32       416 0.0005355   0.03501  0.000112 2.068e-05    0.1076   0.07606    0.0669
