      0/14     1.68G     0.066   0.01975   0.06332    0.1491        37       224     0.177    0.4326     0.246    0.1127   0.02619  0.005222   0.03947
      1/14     1.97G   0.03925   0.01556   0.05537    0.1102        35       224    0.2672    0.7697    0.4798     0.277   0.01945  0.003855   0.02945
      2/14     1.97G   0.03528   0.01328   0.04401   0.09257        44       224    0.5919    0.8395    0.7342    0.5099   0.01555  0.004215   0.01874
      3/14     1.97G   0.03244   0.01237   0.03461   0.07942        34       224     0.805    0.9491    0.8961    0.6077   0.01675  0.003502  0.008906
      4/14     1.97G   0.02928   0.01183   0.02935   0.07047        46       224    0.8071    0.9309    0.9298    0.6516   0.01472  0.003705  0.009526
      5/14     1.97G   0.02673   0.01144   0.02739   0.06555        51       224    0.9019    0.9446    0.9859    0.6935   0.01421  0.003778   0.00721
      6/14     1.97G     0.025    0.0112   0.02585   0.06205        37       224     0.955    0.9669    0.9844    0.7417   0.01312  0.003475  0.004404
      7/14     1.97G   0.02363   0.01098   0.02425   0.05885        40       224    0.9511    0.9508    0.9861    0.7754   0.01108  0.003598   0.00482
      8/14     1.97G   0.02202   0.01039   0.02225   0.05467        27       224    0.9764    0.9565    0.9871    0.5922   0.02111  0.003968  0.003612
      9/14     1.97G   0.02072   0.01005   0.02122   0.05198        38       224     0.952    0.9795    0.9896    0.7587   0.01253  0.003918  0.003328
     10/14     1.97G   0.01952  0.009762   0.02019   0.04947        31       224    0.9656     0.955    0.9789     0.801   0.01081  0.003241  0.003757
     11/14     1.97G   0.01842   0.00936   0.01892   0.04671        42       224    0.9702    0.9834    0.9903    0.8117  0.009956  0.003508  0.002391
     12/14     1.97G   0.01785  0.009278   0.01808   0.04521        43       224    0.9801    0.9763    0.9862    0.8533  0.008123  0.003637  0.002672
     13/14     1.97G   0.01693  0.008965   0.01768   0.04357        41       224     0.986    0.9757    0.9906    0.8538  0.007777  0.003118  0.002069
     14/14     1.97G   0.01637  0.008789   0.01726   0.04241        47       224    0.9714    0.9824    0.9903    0.8592  0.006866  0.003561  0.002282
