      0/29     0.43G    0.1152   0.04977   0.06949    0.2344         8       416 0.0002278  0.006622 1.083e-05  6.79e-06    0.1122   0.07171   0.06894
      1/29     0.47G    0.1148   0.05572   0.07028    0.2408        13       416  0.002134  0.002959 0.0001807 4.948e-05    0.1114   0.07517   0.06979
      2/29     0.47G    0.1139   0.05358   0.06926    0.2367        13       416  0.001196  0.002959 8.882e-05 2.189e-05    0.1114   0.08096   0.07079
      3/29     0.47G    0.1134   0.05445   0.06919     0.237        19       416 0.0008902   0.01308 8.755e-05 2.213e-05    0.1112   0.07961   0.07015
      4/29     0.47G    0.1121   0.05776   0.06843    0.2383        60       416 0.0006773   0.01012 3.948e-05 1.413e-05     0.111   0.07818    0.0698
      5/29     0.47G    0.1116   0.05759   0.06725    0.2364        17       416 0.0006725   0.01012 3.968e-05 1.049e-05    0.1108   0.07822   0.07019
      6/29     0.47G    0.1109   0.06264   0.06735    0.2409        14       416  0.000696   0.01012 3.883e-05 5.013e-06    0.1106   0.07683   0.06997
      7/29     0.47G    0.1103   0.05741   0.06756    0.2353        21       416 0.0008952   0.01308 8.224e-05 1.203e-05    0.1104   0.07691   0.07001
      8/29     0.47G    0.1097   0.05482   0.06812    0.2326        10       416 0.0009145   0.01308 8.253e-05 2.441e-05    0.1101   0.07729   0.06991
      9/29     0.47G    0.1089   0.05961    0.0669    0.2355        34       416 0.0009364   0.01308 9.477e-05 1.356e-05    0.1098   0.07826   0.07047
     10/29     0.47G    0.1089   0.05795   0.06732    0.2341        14       416 0.0008009  0.002959 6.473e-05 1.295e-05    0.1095   0.07882   0.07076
     11/29     0.47G    0.1072    0.0619   0.06591     0.235        21       416 0.0008147   0.00958 8.984e-05 1.918e-05    0.1089   0.07908   0.07042
     12/29     0.47G    0.1071   0.05566   0.06543    0.2282         8       416 0.0009194   0.02667 0.0001514  3.08e-05    0.1084   0.07818   0.06928
     13/29     0.47G    0.1065    0.0627   0.06574    0.2349        32       416 0.0008791   0.02667 0.0001505  2.76e-05    0.1081   0.07833   0.06924
     14/29     0.47G    0.1056   0.06123    0.0645    0.2313         8       416 0.0006858   0.02372 0.0001283 3.075e-05    0.1079   0.07858   0.06896
     15/29     0.47G     0.106   0.05736   0.06513    0.2285        11       416  0.000837   0.02667 0.0001345  3.66e-05    0.1075   0.07965   0.06968
     16/29     0.47G    0.1058   0.04956   0.06394    0.2193         7       416 0.0008188   0.02667 0.0001423 4.855e-05    0.1074   0.07944   0.06967
     17/29     0.47G    0.1063   0.06755   0.06368    0.2375        28       416 0.0009008   0.02301  0.000158 3.907e-05    0.1072   0.07913   0.06924
     18/29     0.47G    0.1037   0.05735    0.0637    0.2248        20       416 0.0007998   0.02667 0.0001841 4.094e-05    0.1066   0.07898   0.06846
     19/29     0.47G    0.1038   0.06558   0.06312    0.2325        16       416 0.0008086   0.02667 0.0002023 2.793e-05    0.1065   0.07909    0.0684
     20/29     0.47G     0.104   0.05846    0.0636     0.226         8       416 0.0006247   0.02372 0.0001748 2.869e-05    0.1064    0.0789   0.06773
     21/29     0.47G    0.1037   0.06523   0.06281    0.2317         8       416 0.0009069   0.02005 0.0001732 2.886e-05    0.1065    0.0787   0.06766
     22/29     0.47G    0.1048     0.057   0.06271    0.2246        12       416 0.0007956   0.02667 0.0001602 3.317e-05    0.1065   0.07859   0.06795
     23/29     0.47G    0.1048   0.05972   0.06344     0.228        11       416 0.0008725   0.02005  0.000147 2.662e-05    0.1064   0.07866   0.06749
     24/29     0.47G    0.1041    0.0634   0.06286    0.2304        33       416 0.0008609   0.03522  0.000195 3.462e-05    0.1062   0.07874   0.06763
     25/29     0.47G    0.1041   0.05092   0.06217    0.2171         6       416 0.0007461   0.02667  0.000161 3.608e-05    0.1061    0.0789   0.06775
     26/29     0.47G    0.1027   0.06033   0.06191     0.225         8       416 0.0007877   0.02667 0.0001492 3.574e-05    0.1061   0.07915   0.06782
     27/29     0.47G    0.1033    0.0644   0.06294    0.2306        17       416 0.0008193   0.03522 0.0001882 3.834e-05    0.1062    0.0788   0.06733
     28/29     0.47G    0.1032   0.06584   0.06155    0.2306        36       416   0.07749   0.01709 0.0001613 3.153e-05    0.1054   0.07915   0.06667
     29/29     0.47G    0.1014    0.0619   0.06194    0.2253        32       416 0.0008521   0.03522 0.0002057  3.92e-05    0.1055   0.07939   0.06698
