       0/9    0.889G     0.131  0.007755         0    0.1388       125       224         0         0         0         0    0.1386  0.005526         0
       1/9     1.58G    0.1316  0.007419         0     0.139       113       224         0         0         0         0     0.138  0.005585         0
       2/9     1.58G    0.1294  0.008011         0    0.1374       116       224         0         0         0         0    0.1374   0.00566         0
       3/9     1.58G    0.1297  0.008403         0    0.1381       144       224         0         0         0         0    0.1365  0.005754         0
       4/9     1.58G    0.1287  0.007627         0    0.1364       114       224         0         0         0         0    0.1357  0.005846         0
       5/9     1.58G    0.1299  0.008218         0    0.1381       121       224         0         0         0         0    0.1349  0.005925         0
       6/9     1.58G    0.1264  0.008651         0    0.1351       126       224         0         0         0         0     0.134  0.006012         0
       7/9     1.58G    0.1297  0.007786         0    0.1375       112       224         0         0         0         0    0.1332  0.006086         0
       8/9     1.58G    0.1279  0.008734         0    0.1366       134       224         0         0         0         0    0.1324  0.006167         0
       9/9     1.58G    0.1271   0.00897         0    0.1361       136       224         0         0         0         0    0.1318  0.006232         0
