     0/299     1.37G    0.1134  0.007933         0    0.1214         4       224 0.0003319    0.0625 2.773e-05 5.547e-06    0.1359  0.005793         0
     1/299     1.41G    0.1164  0.008547         0     0.125         1       224         0         0         0         0    0.1358  0.005795         0
     2/299     1.41G    0.1142  0.007492         0    0.1217         2       224 0.0003074    0.0625 2.248e-05 2.248e-06    0.1343  0.006083         0
     3/299     1.41G      0.12  0.007966         0     0.128         2       224 0.0007493     0.125  0.000108  1.36e-05    0.1329   0.00631         0
     4/299     1.41G    0.1174   0.00767         0    0.1251         1       224 0.0007748    0.0625 5.261e-05 1.052e-05    0.1312  0.006602         0
     5/299     1.41G    0.1117  0.009221         0     0.121         6       224   0.00123     0.125 0.0001638 3.783e-05      0.13  0.006856         0
     6/299     1.41G    0.1189  0.009921         0    0.1288         8       224  0.001411    0.0625 0.0001953 2.916e-05    0.1285  0.007124         0
     7/299     1.41G    0.1092  0.009401         0    0.1186         2       224  0.002566    0.0625 0.0003085 6.511e-05    0.1275   0.00732         0
     8/299     1.41G    0.1077  0.008437         0    0.1162         1       224  0.002998    0.0625 0.0004143  9.15e-05    0.1267  0.007476         0
     9/299     1.41G    0.1101  0.008846         0    0.1189         2       224  0.001743    0.0625 0.0002998 9.163e-05    0.1256   0.00762         0
    10/299     1.41G    0.1074  0.009853         0    0.1173         4       224  0.001793    0.0625 0.0002802 0.0001061    0.1246  0.007784         0
    11/299     1.41G   0.09936   0.00953         0    0.1089         2       224  0.002198    0.0625 0.0002865 5.529e-05    0.1241  0.007949         0
    12/299     1.41G    0.1097    0.0105         0    0.1202         6       224  0.001427     0.125 0.0001919 5.274e-05    0.1233   0.00804         0
    13/299     1.41G    0.1028  0.009712         0    0.1126         1       224  0.001296     0.125 0.0001806 5.887e-05    0.1234   0.00797         0
    14/299     1.41G    0.1091   0.01139         0    0.1205         3       224  0.001761    0.1875 0.0003595 5.362e-05    0.1226  0.008063         0
    15/299     1.41G    0.1008   0.01131         0    0.1121         6       224  0.002202    0.1875 0.0004189 9.369e-05    0.1218  0.008232         0
    16/299     1.41G    0.1033   0.01139         0    0.1147         2       224  0.002568    0.1875  0.000523 0.0001168    0.1209  0.008406         0
    17/299     1.41G    0.1019   0.01073         0    0.1127         2       224  0.002259    0.1875 0.0004388 9.163e-05    0.1208   0.00838         0
    18/299     1.41G   0.09918    0.0103         0    0.1095         2       224  0.001198     0.125 0.0001641 4.683e-05    0.1197  0.008449         0
    19/299     1.41G    0.1057   0.01185         0    0.1175         2       224  0.001354     0.125   0.00018   1.8e-05    0.1186  0.008569         0
    20/299     1.41G   0.09475   0.01278         0    0.1075         2       224  0.001064     0.125 0.0001536 2.045e-05    0.1171  0.008726         0
    21/299     1.41G   0.09262   0.01185         0    0.1045         1       224   0.00911    0.0625 0.0007486 8.848e-05    0.1181  0.008627         0
    22/299     1.41G   0.09774   0.01128         0     0.109         1       224  0.001673    0.0625 0.0001323 5.291e-05    0.1189  0.008459         0
    23/299     1.41G   0.09372   0.01215         0    0.1059         3       224  0.004493    0.0625 0.0003306 9.919e-05    0.1172   0.00856         0
    24/299     1.41G   0.09861   0.01166         0    0.1103         2       224  0.007402    0.0625 0.0009164 9.492e-05    0.1157  0.008616         0
    25/299     1.41G   0.08711   0.01139         0   0.09849         0       224  0.001514    0.1875 0.0004147 9.679e-05    0.1143  0.008914         0
    26/299     1.41G   0.09206   0.01294         0     0.105         1       224   0.01216    0.0625  0.001108 0.0004449    0.1141  0.009022         0
    27/299     1.41G   0.08838   0.01395         0    0.1023         2       224   0.01281    0.0625   0.00143 0.0005058    0.1138  0.009177         0
    28/299     1.41G   0.09631   0.01304         0    0.1094         1       224   0.01336    0.0625  0.001872 0.0006044     0.113  0.009272         0
    29/299     1.41G   0.09879   0.01243         0    0.1112         1       224    0.0359    0.0625  0.002905  0.001266    0.1125  0.009186         0
    30/299     1.41G   0.08504   0.01361         0   0.09865         1       224   0.08172    0.0625  0.006071  0.003354    0.1123  0.009066         0
    31/299     1.41G   0.08943   0.01339         0    0.1028         1       224    0.1242    0.0625  0.009125   0.00584    0.1125  0.009131         0
    32/299     1.41G   0.09123   0.01154         0    0.1028         2       224    0.9808    0.0625   0.06602   0.03912    0.1113  0.009178         0
    33/299     1.41G   0.08105   0.01329         0   0.09433         1       224    0.9817    0.0625    0.0666   0.04569    0.1079  0.009545         0
    34/299     1.41G   0.08214   0.01501         0   0.09715         4       224    0.9964    0.0625   0.06843   0.03951    0.1072  0.009434         0
    35/299     1.41G   0.07869   0.01307         0   0.09177         1       224    0.4947    0.0625   0.03847    0.0238    0.1024  0.009809         0
    36/299     1.41G   0.07603   0.01288         0   0.08891         4       224   0.09636     0.125   0.03374   0.01563    0.0951   0.01007         0
    37/299     1.41G   0.08432   0.01472         0   0.09904         2       224     0.096    0.1875   0.08095   0.03566   0.09634  0.009783         0
    38/299     1.41G   0.07736   0.01408         0   0.09144         2       224   0.09086    0.1875    0.0839   0.03153   0.09486   0.00988         0
    39/299     1.41G   0.08825   0.01322         0    0.1015         4       224    0.1355    0.1875   0.04884   0.01497    0.0933    0.0099         0
    40/299     1.41G     0.079   0.01346         0   0.09245         3       224     0.108    0.1875   0.03903   0.01246   0.09493   0.00977         0
    41/299     1.41G   0.08134   0.01514         0   0.09648         3       224    0.1104    0.1875   0.04019   0.01362    0.0973   0.00941         0
    42/299     1.41G   0.07408   0.01405         0   0.08813         2       224    0.1791      0.25   0.07873   0.01694   0.09157   0.01016         0
    43/299     1.41G   0.08102   0.01505         0   0.09607         4       224    0.1428    0.1875   0.05091   0.01847   0.08863  0.009999         0
    44/299     1.41G    0.0738   0.01266         0   0.08646         1       224     0.132    0.4371   0.07171   0.01639   0.08988   0.01009         0
    45/299     1.41G   0.07244   0.01509         0   0.08753         4       224    0.1505    0.3125   0.08128   0.02566   0.08432   0.01059         0
    46/299     1.41G   0.07088   0.01392         0    0.0848         3       224    0.1972    0.1875   0.07112   0.01252    0.0849    0.0108         0
    47/299     1.41G   0.07214   0.01316         0    0.0853         1       224     0.121      0.25   0.04934   0.01566   0.09462  0.009621         0
    48/299     1.41G   0.08165   0.01316         0   0.09481         2       224    0.1873    0.1875   0.06397  0.007932   0.08781   0.01039         0
    49/299     1.41G   0.06949   0.01372         0   0.08322         1       224    0.1049    0.2491    0.0394   0.01253   0.09738   0.00941         0
    50/299     1.41G   0.08382    0.0111         0   0.09492         4       224   0.09959    0.1875    0.0467    0.0153   0.09029  0.009809         0
    51/299     1.41G    0.0738    0.0118         0    0.0856         3       224    0.1071    0.1874   0.04484   0.01398   0.08551   0.01003         0
    52/299     1.41G   0.06216   0.01102         0   0.07318         0       224    0.1209      0.25   0.05631   0.02116   0.08376   0.01003         0
    53/299     1.41G   0.06969   0.01353         0   0.08322         1       224    0.1828    0.3077    0.1093   0.03754   0.07581   0.01064         0
    54/299     1.41G   0.06375   0.01435         0    0.0781         1       224     0.226    0.3125    0.1594   0.06985   0.08001   0.01013         0
    55/299     1.41G   0.06177   0.01446         0   0.07624         3       224    0.4883    0.1875    0.1966    0.0577    0.0782   0.01041         0
    56/299     1.41G   0.06284   0.01471         0   0.07755         2       224    0.2326    0.3125    0.1919    0.1008   0.07411   0.01085         0
    57/299     1.41G   0.06023   0.01447         0   0.07469         2       224    0.2485    0.3125    0.2063    0.1233   0.07236   0.01093         0
    58/299     1.41G   0.05653   0.01495         0   0.07148         1       224    0.3239    0.2403    0.1977    0.1055   0.07137   0.01107         0
    59/299     1.41G   0.05984   0.01273         0   0.07256         1       224    0.4358      0.25    0.2022    0.1075   0.07115   0.01111         0
    60/299     1.41G   0.06199   0.01353         0   0.07552         2       224    0.2496    0.3125    0.1875     0.113    0.0715   0.01101         0
    61/299     1.41G   0.05333   0.01253         0   0.06585         2       224    0.2142    0.3748    0.1651   0.09033    0.0732   0.01096         0
    62/299     1.41G   0.05949   0.01337         0   0.07286         2       224    0.2215     0.375    0.1643    0.0828   0.07394   0.01102         0
    63/299     1.41G   0.06415   0.01385         0     0.078         1       224    0.2057     0.375    0.1579   0.05785   0.07508   0.01096         0
    64/299     1.41G   0.06046   0.01292         0   0.07339         5       224     0.104    0.3125   0.05412   0.01141   0.07553    0.0111         0
    65/299     1.41G   0.07284    0.0136         0   0.08644         2       224    0.1168     0.375   0.07994   0.02685    0.0853  0.009801         0
    66/299     1.41G    0.0782   0.01217         0   0.09036         2       224   0.09088    0.1875   0.04906   0.01316   0.07555   0.01078         0
    67/299     1.41G    0.0718   0.01284         0   0.08464         2       224   0.07013    0.3125   0.03711  0.006763   0.07693  0.009895         0
    68/299     1.41G   0.07118   0.01206         0   0.08324         3       224    0.1799     0.125    0.0634   0.01709   0.07551  0.009907         0
    69/299     1.41G   0.07174   0.01165         0   0.08339         7       224    0.1799     0.125    0.0634   0.01709   0.07551  0.009907         0
    70/299     1.41G   0.07024   0.01033         0   0.08057         1       224    0.2429     0.125   0.08067   0.03174    0.0751   0.00999         0
    71/299     1.41G    0.0645   0.01272         0   0.07722         2       224    0.2453    0.3125    0.1382   0.04464   0.06712   0.01075         0
    72/299     1.41G   0.05737   0.01387         0   0.07125         1       224    0.2558    0.3125    0.1536   0.05088   0.06321   0.01105         0
    73/299     1.41G   0.05919   0.01392         0    0.0731         2       224    0.2898    0.3125    0.1711   0.06778   0.07074   0.01034         0
    74/299     1.41G   0.06275   0.01339         0   0.07614         2       224    0.2898    0.3125    0.1711   0.06778   0.07074   0.01034         0
    75/299     1.41G   0.06592   0.01589         0   0.08181         7       224    0.2053    0.4375    0.1401   0.05429   0.07507  0.009911         0
    76/299     1.41G   0.05905   0.01475         0    0.0738         3       224    0.3103    0.4375    0.2006   0.08371   0.06718   0.01084         0
    77/299     1.41G    0.0526   0.01517         0   0.06777         3       224    0.3019    0.4375     0.211   0.07495   0.06528   0.01095         0
    78/299     1.41G   0.05816   0.01657         0   0.07473         1       224    0.2856       0.5    0.2262    0.0996   0.06291   0.01107         0
    79/299     1.41G   0.05998   0.01375         0   0.07373         1       224    0.2856       0.5    0.2262    0.0996   0.06291   0.01107         0
    80/299     1.41G   0.05602   0.01369         0   0.06971         1       224    0.3289       0.5    0.2274     0.096   0.06614   0.01079         0
    81/299     1.41G   0.05635    0.0153         0   0.07165         3       224    0.2703    0.5625    0.2247   0.09331    0.0662   0.01081         0
    82/299     1.41G    0.0549   0.01629         0    0.0712         4       224    0.3179       0.5    0.2451    0.1026   0.06416   0.01088         0
    83/299     1.41G   0.05191   0.01322         0   0.06512         1       224    0.2759       0.5    0.2096   0.08427    0.0719   0.01019         0
    84/299     1.41G   0.05806   0.01264         0    0.0707         2       224    0.2488       0.5    0.1817   0.04642   0.07397   0.01013         0
    85/299     1.41G   0.06957   0.01186         0   0.08143         2       224    0.2488       0.5    0.1817   0.04642   0.07397   0.01013         0
    86/299     1.41G    0.0682   0.01078         0   0.07898         1       224    0.1834    0.4375    0.1315   0.02782   0.08171  0.009742         0
    87/299     1.41G    0.0694   0.01069         0   0.08008         2       224    0.2348       0.5    0.1973   0.04977   0.07373   0.01032         0
    88/299     1.41G   0.06545   0.01179         0   0.07724         1       224    0.3303    0.3125    0.1781   0.06452   0.07103   0.01038         0
    89/299     1.41G   0.06161   0.01359         0    0.0752         2       224    0.4252     0.375    0.2139   0.05098   0.06409   0.01091         0
    90/299     1.41G   0.05678   0.01294         0   0.06972         1       224    0.4252     0.375    0.2139   0.05098   0.06409   0.01091         0
    91/299     1.41G    0.0595    0.0133         0    0.0728         3       224    0.3305     0.375    0.1582   0.03349   0.07172   0.01029         0
    92/299     1.41G   0.06045   0.01197         0   0.07242         1       224    0.3149    0.3736    0.1478   0.04286   0.07167   0.01013         0
    93/299     1.41G   0.05761   0.01364         0   0.07126         4       224     0.294    0.3125    0.1458   0.07086     0.068   0.01042         0
    94/299     1.41G    0.0528   0.01401         0   0.06681         2       224    0.2936    0.3125    0.1407   0.05319   0.06343   0.01071         0
    95/299     1.41G   0.05692   0.01375         0   0.07067         8       224    0.2936    0.3125    0.1407   0.05319   0.06343   0.01071         0
    96/299     1.41G   0.05219   0.01326         0   0.06545         5       224     0.277    0.3125    0.1688   0.05514   0.06503   0.01065         0
    97/299     1.41G   0.05364   0.01265         0   0.06629         1       224     0.261    0.3125    0.1684   0.04901   0.06486   0.01069         0
    98/299     1.41G    0.0478   0.01162         0   0.05942         2       224    0.2919    0.3125    0.2226    0.1236   0.06259   0.01087         0
    99/299     1.41G    0.0461   0.01153         0   0.05763         1       224    0.3078    0.3125    0.1757   0.07068   0.05903   0.01134         0
   100/299     1.41G   0.05094   0.01479         0   0.06573         9       224    0.3105    0.3125    0.1916     0.101   0.05903   0.01173         0
   101/299     1.41G    0.0496   0.01167         0   0.06127         1       224    0.3105    0.3125    0.1916     0.101   0.05903   0.01173         0
   102/299     1.41G   0.04793   0.01339         0   0.06132         2       224    0.3326      0.25    0.1737   0.08435    0.0582   0.01228         0
   103/299     1.41G   0.04643   0.01347         0    0.0599         0       224    0.1721     0.625    0.1545   0.06534   0.05479   0.01303         0
   104/299     1.41G   0.04298   0.01454         0   0.05752         4       224    0.1912    0.5625    0.1602   0.05151   0.05663   0.01337         0
   105/299     1.41G   0.05034    0.0127         0   0.06305         4       224    0.1584    0.4375    0.1309   0.03693   0.05561   0.01328         0
   106/299     1.41G    0.0499   0.01181         0   0.06171         3       224    0.1584    0.4375    0.1309   0.03693   0.05561   0.01328         0
   107/299     1.41G   0.04828   0.01293         0   0.06121         4       224    0.1555    0.4375    0.1558   0.02739   0.05889   0.01272         0
   108/299     1.41G   0.04634   0.01259         0   0.05893         4       224     0.184    0.4368    0.1854   0.06314   0.05915   0.01246         0
   109/299     1.41G   0.04232   0.01248         0   0.05481         0       224    0.1871     0.561     0.212    0.1025   0.05708   0.01234         0
   110/299     1.41G   0.04557    0.0134         0   0.05896         4       224    0.1835    0.5625      0.18   0.07114   0.05764   0.01204         0
   111/299     1.41G   0.04971    0.0141         0   0.06381         5       224    0.1835    0.5625      0.18   0.07114   0.05764   0.01204         0
   112/299     1.41G    0.0528   0.01301         0   0.06581         1       224    0.1921    0.3121    0.1526   0.04537   0.06216   0.01169         0
   113/299     1.41G   0.04736   0.01165         0     0.059         1       224    0.2078    0.3125    0.1599   0.07578   0.06076   0.01183         0
   114/299     1.41G    0.0456   0.01296         0   0.05856         3       224    0.2609    0.3125    0.1651    0.0942   0.05869   0.01225         0
   115/299     1.41G   0.04588   0.01313         0   0.05901         2       224    0.1934     0.375    0.1671   0.07703   0.05926   0.01271         0
   116/299     1.41G   0.05056   0.01281         0   0.06337         3       224    0.2722     0.375    0.1908   0.07828   0.06049   0.01281         0
   117/299     1.41G   0.05319   0.01219         0   0.06538         3       224    0.2722     0.375    0.1908   0.07828   0.06049   0.01281         0
   118/299     1.41G    0.0558   0.01179         0   0.06759         1       224     0.284      0.25    0.1319   0.05154   0.06418    0.0123         0
   119/299     1.41G   0.05051   0.01114         0   0.06164         2       224    0.2269    0.3119    0.1545   0.07271   0.06362   0.01191         0
   120/299     1.41G    0.0505    0.0124         0   0.06291         7       224    0.2994     0.375    0.1926   0.07619   0.06011   0.01167         0
   121/299     1.41G   0.04264   0.01205         0   0.05469         1       224    0.2499     0.375     0.182   0.08778   0.05595   0.01179         0
   122/299     1.41G   0.04983   0.01128         0   0.06111         1       224    0.2499     0.375     0.182   0.08778   0.05595   0.01179         0
   123/299     1.41G   0.05289   0.01245         0   0.06535         6       224    0.2593     0.375    0.1784    0.0682   0.05911   0.01147         0
   124/299     1.41G    0.0525   0.01035         0   0.06286         3       224    0.2495     0.375    0.1803   0.08216   0.06053   0.01107         0
   125/299     1.41G   0.04848   0.01167         0   0.06015         1       224    0.2689    0.4375    0.2162   0.08848   0.05973   0.01065         0
   126/299     1.41G    0.0428   0.01058         0   0.05339         2       224    0.3042    0.4375    0.2476    0.1334   0.05634   0.01074         0
   127/299     1.41G   0.04401   0.01131         0   0.05532         1       224    0.3042    0.4375    0.2476    0.1334   0.05634   0.01074         0
   128/299     1.41G   0.04294   0.01181         0   0.05475         2       224    0.3178    0.4375    0.2918    0.1559   0.05931   0.01045         0
   129/299     1.41G   0.04154   0.01171         0   0.05325         1       224    0.2915    0.4375    0.2448    0.1327   0.06065   0.01046         0
   130/299     1.41G   0.04453   0.01168         0    0.0562         4       224    0.2591    0.4375    0.2005    0.0857   0.06073   0.01053         0
   131/299     1.41G   0.04086   0.01314         0     0.054         4       224    0.2488    0.4375    0.1666   0.06722   0.06034    0.0106         0
   132/299     1.41G   0.04394   0.01193         0   0.05587         2       224     0.269    0.4375    0.1689   0.07807   0.05665   0.01133         0
   133/299     1.41G   0.04402   0.01152         0   0.05554         2       224     0.269    0.4375    0.1689   0.07807   0.05665   0.01133         0
   134/299     1.41G   0.04344    0.0114         0   0.05484         1       224    0.2686    0.4375    0.1598   0.07486   0.05772   0.01216         0
   135/299     1.41G    0.0449   0.01222         0   0.05713         4       224    0.2922       0.5    0.1811   0.07904   0.05753   0.01285         0
   136/299     1.41G   0.03958    0.0102         0   0.04978         1       224    0.2497       0.5    0.1533   0.06334   0.06109   0.01283         0
   137/299     1.41G    0.0356   0.01111         0   0.04672         1       224    0.2573     0.498     0.158   0.07269   0.05784   0.01316         0
   138/299     1.41G    0.0504   0.01147         0   0.06187         4       224    0.2573     0.498     0.158   0.07269   0.05784   0.01316         0
   139/299     1.41G   0.04737    0.0114         0   0.05876         1       224    0.1963       0.5     0.125   0.06408   0.06037   0.01315         0
   140/299     1.41G   0.05228   0.01243         0    0.0647         1       224    0.2157       0.5    0.1532   0.08525   0.05834   0.01344         0
   141/299     1.41G   0.04792   0.01164         0   0.05957         1       224    0.2217       0.5    0.1737    0.0692   0.05718   0.01321         0
   142/299     1.41G   0.04278   0.01076         0   0.05354         1       224    0.2656       0.5    0.2065    0.0964   0.05338   0.01316         0
   143/299     1.41G   0.03768    0.0118         0   0.04948         0       224    0.2656       0.5    0.2065    0.0964   0.05338   0.01316         0
   144/299     1.41G   0.04746   0.01081         0   0.05827         1       224    0.3327     0.374    0.2206   0.08455   0.05615   0.01264         0
   145/299     1.41G   0.04161   0.01026         0   0.05187         1       224    0.3177    0.4375    0.2316    0.1138   0.05574   0.01221         0
   146/299     1.41G   0.04272   0.01127         0     0.054         2       224    0.4115    0.4375    0.2677    0.1371    0.0529   0.01164         0
   147/299     1.41G   0.03938   0.01135         0   0.05073         5       224    0.4371    0.4375    0.2662    0.1223    0.0545   0.01129         0
   148/299     1.41G   0.03997   0.01134         0   0.05132         3       224     0.434    0.4375    0.3163    0.1617   0.05175   0.01119         0
   149/299     1.41G   0.04077   0.01062         0   0.05139         2       224     0.434    0.4375    0.3163    0.1617   0.05175   0.01119         0
   150/299     1.41G   0.03942    0.0103         0   0.04971         6       224    0.3569    0.6244    0.3353    0.1614   0.05235   0.01104         0
   151/299     1.41G    0.0397   0.01151         0   0.05121         2       224    0.3997     0.625    0.3437    0.1527   0.05246   0.01088         0
   152/299     1.41G   0.03763   0.01062         0   0.04825         1       224    0.3995     0.625    0.3479    0.1293   0.05267   0.01095         0
   153/299     1.41G   0.03633   0.01051         0   0.04685         4       224    0.4347    0.6248    0.3572    0.1709   0.05075   0.01114         0
   154/299     1.41G   0.03993   0.01056         0   0.05048         1       224    0.4347    0.6248    0.3572    0.1709   0.05075   0.01114         0
   155/299     1.41G   0.03961   0.01194         0   0.05154         5       224    0.3695     0.625    0.3552    0.1752    0.0513    0.0114         0
   156/299     1.41G   0.03711   0.01045         0   0.04756         2       224    0.3703     0.625    0.3477    0.1658   0.05136   0.01136         0
   157/299     1.41G   0.03634   0.01103         0   0.04737         1       224    0.3841     0.625    0.3423    0.1627   0.05054   0.01144         0
   158/299     1.41G   0.03479   0.01003         0   0.04481         2       224    0.3998    0.6245    0.3263    0.1164   0.05531    0.0114         0
   159/299     1.41G   0.03813   0.01175         0   0.04988         2       224    0.3998    0.6245    0.3263    0.1164   0.05531    0.0114         0
   160/299     1.41G     0.041   0.01002         0   0.05101         1       224    0.3995     0.625    0.3248   0.09831   0.05989   0.01126         0
   161/299     1.41G    0.0396   0.01091         0   0.05051         3       224    0.3441     0.625    0.3116    0.1196   0.05811   0.01125         0
   162/299     1.41G   0.04156   0.01067         0   0.05222         1       224    0.3115     0.625    0.2621    0.1189   0.05543   0.01146         0
   163/299     1.41G   0.03562  0.009721         0   0.04535         5       224    0.2998    0.5625    0.2215   0.07734    0.0568   0.01231         0
   164/299     1.41G   0.03651   0.01017         0   0.04668         1       224    0.2566    0.5625    0.2032   0.08688   0.05516   0.01232         0
   165/299     1.41G   0.04426    0.0111         0   0.05536         1       224    0.2566    0.5625    0.2032   0.08688   0.05516   0.01232         0
   166/299     1.41G   0.04225  0.009726         0   0.05198         2       224    0.2246    0.5611    0.1864   0.07795   0.05814   0.01212         0
   167/299     1.41G   0.04008  0.009974         0   0.05006         4       224    0.2908    0.4375    0.1838   0.08016   0.05659   0.01203         0
   168/299     1.41G   0.03804   0.01234         0   0.05038         3       224    0.3175    0.4375    0.1998   0.08489   0.05383   0.01224         0
   169/299     1.41G   0.03724    0.0107         0   0.04794         1       224    0.2687    0.4364    0.1832   0.08659   0.05722   0.01218         0
   170/299     1.41G   0.03694   0.01072         0   0.04766         0       224    0.2687    0.4364    0.1832   0.08659   0.05722   0.01218         0
   171/299     1.41G    0.0395   0.01112         0   0.05063         5       224    0.2997     0.375    0.1901   0.08353    0.0592   0.01213         0
   172/299     1.41G   0.04266   0.01068         0   0.05334         7       224    0.3151     0.375    0.2013    0.0935   0.05748   0.01226         0
   173/299     1.41G    0.0358   0.01088         0   0.04668         4       224    0.3492     0.375    0.2181   0.09672   0.05506   0.01226         0
   174/299     1.41G    0.0356   0.01104         0   0.04664         1       224    0.4281    0.3743    0.2547     0.122    0.0522    0.0122         0
   175/299     1.41G   0.03584   0.01056         0   0.04639         2       224    0.4281    0.3743    0.2547     0.122    0.0522    0.0122         0
   176/299     1.41G   0.03675   0.01061         0   0.04735         3       224    0.4285     0.375    0.2591    0.1224   0.05323    0.0122         0
   177/299     1.41G   0.03611  0.009457         0   0.04557         1       224    0.3196    0.6168    0.2752     0.139   0.05367   0.01202         0
   178/299     1.41G   0.03351   0.01038         0   0.04389         3       224    0.3119     0.625    0.2697    0.1245   0.05432   0.01197         0
   179/299     1.41G   0.03632   0.01032         0   0.04664         2       224    0.3222     0.624     0.292    0.1491   0.05087   0.01174         0
   180/299     1.41G   0.03679   0.01019         0   0.04698         1       224    0.3313     0.625    0.2866    0.1152   0.05631   0.01129         0
   181/299     1.41G   0.03494  0.009158         0    0.0441         1       224    0.3313     0.625    0.2866    0.1152   0.05631   0.01129         0
   182/299     1.41G   0.03867   0.01044         0   0.04911         4       224    0.3324     0.625    0.2858    0.1083   0.05775   0.01085         0
   183/299     1.41G   0.03277   0.01079         0   0.04356         2       224    0.3461    0.5625    0.3249    0.1449   0.05478   0.01038         0
   184/299     1.41G   0.03942  0.009439         0   0.04886         1       224    0.3457    0.5625     0.324    0.1866   0.05116   0.01041         0
   185/299     1.41G    0.0327  0.009311         0   0.04201         1       224    0.3333    0.4999    0.3259    0.1535   0.05224    0.0104         0
   186/299     1.41G   0.03462  0.009119         0   0.04374         3       224    0.3333    0.4999    0.3259    0.1535   0.05224    0.0104         0
   187/299     1.41G   0.03523   0.01038         0   0.04561         1       224    0.2928     0.625    0.3238    0.1238   0.05281   0.01029         0
   188/299     1.41G   0.03507   0.01102         0   0.04609         7       224    0.3028     0.625    0.3532    0.1928   0.04898   0.01035         0
   189/299     1.41G   0.03142  0.009973         0    0.0414         2       224     0.333     0.625    0.3552    0.2063   0.04928   0.01047         0
   190/299     1.41G    0.0344  0.009987         0   0.04438         1       224    0.3224    0.6245    0.3298    0.1762   0.04906   0.01066         0
   191/299     1.41G   0.03028  0.009661         0   0.03994         1       224    0.3224    0.6245    0.3298    0.1762   0.04906   0.01066         0
   192/299     1.41G   0.03637   0.01038         0   0.04675         4       224    0.3212    0.5625    0.3216     0.173   0.04977   0.01092         0
   193/299     1.41G   0.03168   0.01111         0    0.0428         1       224    0.3702    0.6244    0.3074    0.1348   0.05187   0.01127         0
   194/299     1.41G   0.03556  0.009497         0   0.04506         4       224    0.3329    0.5625    0.2729    0.1566    0.0493   0.01169         0
   195/299     1.41G   0.03764   0.01002         0   0.04766         2       224    0.3701     0.625    0.2985    0.1253    0.0512   0.01162         0
   196/299     1.41G   0.03539  0.009237         0   0.04462         4       224      0.31    0.5625     0.255    0.1411    0.0485   0.01171         0
   197/299     1.41G   0.03038  0.008765         0   0.03915         0       224      0.31    0.5625     0.255    0.1411    0.0485   0.01171         0
   198/299     1.41G   0.03334  0.008516         0   0.04186         2       224      0.31    0.5625     0.263    0.1262   0.04931   0.01162         0
   199/299     1.41G   0.02906  0.007949         0     0.037         0       224    0.3101    0.5625    0.2378   0.09844   0.05233   0.01145         0
   200/299     1.41G   0.03498  0.008428         0   0.04341         1       224    0.3199    0.5625    0.2377    0.1206   0.04894   0.01156         0
   201/299     1.41G   0.03337  0.009089         0   0.04246         1       224     0.299    0.5625    0.2151   0.07975   0.05277   0.01131         0
   202/299     1.41G   0.03532   0.01031         0   0.04563        10       224     0.299    0.5625    0.2151   0.07975   0.05277   0.01131         0
   203/299     1.41G   0.03504  0.009292         0   0.04433         4       224    0.3116     0.625    0.2381    0.0745   0.05372   0.01128         0
   204/299     1.41G   0.03834  0.009376         0   0.04772         2       224    0.2432    0.5625    0.1999   0.09032   0.05071   0.01158         0
   205/299     1.41G   0.03303  0.009261         0   0.04229         1       224     0.269    0.4375    0.1832   0.09362   0.04945   0.01172         0
   206/299     1.41G   0.03249  0.008849         0   0.04134         4       224    0.2089    0.5625    0.1738   0.07269   0.04998   0.01182         0
   207/299     1.41G   0.03605  0.009643         0   0.04569         2       224    0.2089    0.5625    0.1738   0.07269   0.04998   0.01182         0
   208/299     1.41G   0.03334  0.009452         0   0.04279         0       224    0.1998    0.6244    0.1658    0.0557   0.05168   0.01189         0
   209/299     1.41G   0.03669   0.01092         0   0.04761         5       224    0.1961     0.625    0.1819    0.0824   0.05024   0.01184         0
   210/299     1.41G   0.03621   0.01002         0   0.04622         1       224    0.2408    0.4375    0.1936   0.08809   0.04989   0.01161         0
   211/299     1.41G   0.03351  0.008517         0   0.04203         2       224    0.4691      0.25    0.2556    0.1458   0.05115   0.01137         0
   212/299     1.41G   0.03461  0.009504         0   0.04412         2       224    0.2423       0.5    0.3113    0.1549   0.05044   0.01126         0
   213/299     1.41G    0.0332  0.009603         0    0.0428         4       224    0.2423       0.5    0.3113    0.1549   0.05044   0.01126         0
   214/299     1.41G    0.0375  0.008399         0    0.0459         2       224    0.4989      0.25    0.3091     0.113    0.0531   0.01119         0
   215/299     1.41G   0.03344  0.009054         0   0.04249         3       224    0.2747       0.5     0.314    0.1537   0.05089   0.01122         0
   216/299     1.41G   0.02999  0.009381         0   0.03937         1       224    0.2424       0.5    0.3046    0.1806   0.04996   0.01164         0
   217/299     1.41G   0.02941  0.008338         0   0.03774         1       224     0.444      0.25    0.2888    0.1554   0.05105   0.01172         0
   218/299     1.41G   0.03672  0.009991         0   0.04671         2       224     0.444      0.25    0.2888    0.1554   0.05105   0.01172         0
   219/299     1.41G   0.03404  0.009758         0    0.0438         1       224    0.4989    0.2491    0.2617    0.1345   0.05348   0.01198         0
   220/299     1.41G   0.03443  0.008653         0   0.04309         2       224       0.5      0.25    0.2324    0.1306    0.0512     0.012         0
   221/299     1.41G   0.03228   0.00939         0   0.04167         3       224    0.4924      0.25    0.2048    0.1163   0.05099   0.01225         0
   222/299     1.41G   0.03271  0.009057         0   0.04176         7       224    0.4998    0.2498    0.2065    0.1151   0.04943   0.01256         0
   223/299     1.41G   0.03064  0.008297         0   0.03893         1       224    0.4998    0.2498    0.2065    0.1151   0.04943   0.01256         0
   224/299     1.41G   0.03146  0.009792         0   0.04126         3       224    0.4972      0.25    0.2087    0.1159    0.0493   0.01309         0
   225/299     1.41G   0.03102  0.009988         0   0.04101         6       224    0.4993      0.25    0.2105    0.1187    0.0495   0.01316         0
   226/299     1.41G   0.03133  0.009782         0   0.04111         1       224     0.499      0.25    0.2146    0.1244   0.05084   0.01269         0
   227/299     1.41G   0.03142   0.00915         0   0.04057         3       224    0.5711      0.25    0.2378    0.1309   0.04899    0.0123         0
   228/299     1.41G   0.03154  0.008112         0   0.03965         2       224    0.2437     0.625     0.239    0.1309   0.05229   0.01191         0
   229/299     1.41G   0.03524  0.009177         0   0.04441         4       224    0.2437     0.625     0.239    0.1309   0.05229   0.01191         0
   230/299     1.41G   0.03369  0.008852         0   0.04254         1       224    0.5712      0.25    0.2373    0.1252   0.05326   0.01172         0
   231/299     1.41G    0.0343  0.009024         0   0.04333         7       224    0.2644    0.5625    0.2415    0.1404   0.05006   0.01197         0
   232/299     1.41G   0.02811  0.008384         0    0.0365         1       224    0.2571    0.5625    0.2371    0.1349   0.04899   0.01195         0
   233/299     1.41G   0.02948  0.009125         0    0.0386         2       224    0.2433     0.625    0.2446    0.1285    0.0529   0.01183         0
   234/299     1.41G   0.03567  0.008456         0   0.04413         2       224    0.2433     0.625    0.2446    0.1285    0.0529   0.01183         0
   235/299     1.41G   0.04036      0.01         0   0.05037         4       224    0.2645    0.5625     0.251    0.1079   0.05657   0.01137         0
   236/299     1.41G   0.03769  0.009725         0   0.04741         3       224     0.281    0.5617     0.252    0.1302   0.05394    0.0112         0
   237/299     1.41G   0.02826  0.009867         0   0.03813         0       224    0.2809    0.5616    0.2471    0.1451   0.04974   0.01145         0
   238/299     1.41G   0.03124   0.01012         0   0.04135         6       224     0.277     0.625    0.2796    0.1601   0.04867   0.01126         0
   239/299     1.41G   0.02857  0.008918         0   0.03749         1       224     0.277     0.625    0.2796    0.1601   0.04867   0.01126         0
   240/299     1.41G   0.02905  0.008719         0   0.03777         2       224    0.2852    0.6235    0.2795    0.1569   0.04819   0.01101         0
   241/299     1.41G   0.03275   0.01072         0   0.04347         7       224    0.2934     0.625    0.2811    0.1529   0.04808     0.011         0
   242/299     1.41G   0.03046  0.008232         0   0.03869         1       224    0.3025    0.6234    0.2858    0.1526   0.04941   0.01096         0
   243/299     1.41G   0.02811  0.008121         0   0.03623         3       224    0.3119     0.625    0.2888    0.1513   0.04925   0.01125         0
   244/299     1.41G   0.02884   0.01021         0   0.03905         5       224    0.2934     0.625    0.2646    0.1506   0.05078   0.01179         0
   245/299     1.41G   0.02874   0.00941         0   0.03815         3       224    0.2934     0.625    0.2646    0.1506   0.05078   0.01179         0
   246/299     1.41G   0.03161  0.009827         0   0.04143         3       224    0.2857     0.625    0.2558    0.1444   0.05133    0.0122         0
   247/299     1.41G   0.02884  0.008921         0   0.03776         2       224     0.285     0.625    0.2628    0.1426   0.05177   0.01255         0
   248/299     1.41G   0.02625  0.007955         0    0.0342         1       224    0.2854     0.625     0.259    0.1382   0.05042   0.01293         0
   249/299     1.41G   0.03147  0.009858         0   0.04132         1       224    0.2775    0.6241    0.2559    0.1369   0.05037   0.01339         0
   250/299     1.41G   0.02692  0.007199         0   0.03412         2       224    0.2775    0.6241    0.2559    0.1369   0.05037   0.01339         0
   251/299     1.41G   0.03303  0.008644         0   0.04167         1       224    0.2699     0.625    0.2377    0.1251   0.05057    0.0135         0
   252/299     1.41G   0.02958  0.008575         0   0.03815         3       224    0.2562     0.625    0.2313     0.129   0.05124   0.01324         0
   253/299     1.41G   0.02892  0.008574         0   0.03749         1       224    0.2563     0.625    0.2284    0.1206   0.05172   0.01299         0
   254/299     1.41G   0.03031  0.008616         0   0.03892         2       224    0.2626     0.625     0.231    0.1227   0.05045   0.01287         0
   255/299     1.41G   0.02929  0.009721         0   0.03901         3       224    0.2626     0.625     0.231    0.1227   0.05045   0.01287         0
   256/299     1.41G   0.02701   0.00875         0   0.03576         5       224    0.2626     0.625    0.2318      0.12   0.05066   0.01268         0
   257/299     1.41G   0.02488  0.008526         0   0.03341         3       224    0.2631     0.625    0.2302    0.1194   0.05118   0.01242         0
   258/299     1.41G   0.02995  0.008071         0   0.03803         2       224    0.2564     0.625    0.2288     0.122   0.04989   0.01232         0
   259/299     1.41G   0.02996  0.008753         0   0.03871         2       224    0.2559     0.625    0.2297      0.12   0.05022   0.01199         0
   260/299     1.41G   0.02615  0.008447         0    0.0346         2       224    0.2561     0.625    0.2333    0.1224   0.05139   0.01176         0
   261/299     1.41G   0.02713  0.007933         0   0.03506         1       224    0.2561     0.625    0.2333    0.1224   0.05139   0.01176         0
   262/299     1.41G   0.03139  0.008804         0   0.04019         1       224    0.2703     0.625    0.2411    0.1265   0.05177   0.01166         0
   263/299     1.41G   0.02991  0.008916         0   0.03883         1       224    0.2701     0.625     0.243    0.1171   0.05257   0.01144         0
   264/299     1.41G    0.0262  0.008898         0   0.03509         1       224    0.2768     0.625     0.241     0.118   0.04979   0.01158         0
   265/299     1.41G      0.03  0.009212         0   0.03922         4       224    0.2489     0.625    0.2147    0.1159   0.05034   0.01157         0
   266/299     1.41G   0.02714  0.008116         0   0.03525         2       224    0.2489     0.625    0.2147    0.1159   0.05034   0.01157         0
   267/299     1.41G   0.02966  0.008698         0   0.03836         5       224    0.2752       0.5    0.2139    0.1139   0.05099   0.01155         0
   268/299     1.41G   0.02989  0.007652         0   0.03754         1       224    0.2663       0.5    0.2234    0.1237     0.051    0.0115         0
   269/299     1.41G   0.03071  0.009113         0   0.03983         1       224    0.2439     0.625    0.2259    0.1269   0.05121   0.01156         0
   270/299     1.41G   0.02838  0.008134         0   0.03651         1       224    0.2496     0.625    0.2344    0.1279   0.05141   0.01163         0
   271/299     1.41G   0.02638  0.008075         0   0.03445         2       224    0.2496     0.625    0.2344    0.1279   0.05141   0.01163         0
   272/299     1.41G   0.02554  0.008006         0   0.03354         3       224    0.2435    0.6235     0.236    0.1325   0.05207   0.01164         0
   273/299     1.41G   0.02837  0.008856         0   0.03722         1       224    0.2439     0.625    0.2365    0.1325   0.05159   0.01167         0
   274/299     1.41G   0.02597   0.00818         0   0.03415         3       224    0.2381     0.625    0.2414    0.1385   0.05074   0.01171         0
   275/299     1.41G   0.02726   0.00848         0   0.03574         1       224    0.2377     0.625    0.2399    0.1401   0.05077   0.01165         0
   276/299     1.41G   0.02416  0.008872         0   0.03303         4       224    0.2499    0.6246    0.2348    0.1294   0.05196   0.01145         0
   277/299     1.41G   0.02795  0.008483         0   0.03644         2       224    0.2499    0.6246    0.2348    0.1294   0.05196   0.01145         0
   278/299     1.41G   0.02813   0.00823         0   0.03636         1       224    0.2489    0.6214    0.2376    0.1302   0.05189   0.01144         0
   279/299     1.41G   0.02517  0.007365         0   0.03253         1       224    0.2437    0.6243    0.2354    0.1287   0.05113   0.01148         0
   280/299     1.41G   0.02562  0.008961         0   0.03458         1       224      0.29    0.5625    0.2359      0.13   0.05067   0.01166         0
   281/299     1.41G   0.02759  0.007368         0   0.03496         3       224    0.2901    0.5625    0.2331    0.1175   0.05393    0.0117         0
   282/299     1.41G   0.02765   0.00892         0   0.03657         2       224    0.2901    0.5625    0.2331    0.1175   0.05393    0.0117         0
   283/299     1.41G   0.02788  0.008541         0   0.03643         4       224    0.2811    0.5625    0.2301     0.114     0.056   0.01166         0
   284/299     1.41G   0.02952  0.008213         0   0.03773         4       224    0.2902    0.5622    0.2291     0.116   0.05484   0.01177         0
   285/299     1.41G   0.02746  0.009591         0   0.03705         1       224    0.2727    0.5623    0.2228    0.1162   0.05276    0.0119         0
   286/299     1.41G   0.02568  0.007247         0   0.03293         2       224    0.2725    0.5625    0.2168    0.1098   0.05112   0.01207         0
   287/299     1.41G   0.02825   0.00838         0   0.03663         2       224    0.2725    0.5625    0.2168    0.1098   0.05112   0.01207         0
   288/299     1.41G   0.02678  0.007064         0   0.03384         1       224    0.2499    0.5625    0.2103    0.1025   0.05072   0.01239         0
   289/299     1.41G   0.02979   0.00786         0   0.03766         1       224    0.2426    0.5625    0.2098   0.09755   0.05135   0.01255         0
   290/299     1.41G   0.02854  0.008181         0   0.03673         1       224    0.2423    0.5625    0.2002   0.09754   0.05221   0.01258         0
   291/299     1.41G   0.02619   0.00754         0   0.03373         1       224    0.2307    0.5625    0.1981    0.1063   0.05131   0.01256         0
   292/299     1.41G   0.02795   0.00842         0   0.03637         6       224    0.2378     0.624    0.2138    0.1153    0.0516   0.01248         0
   293/299     1.41G   0.02529  0.007177         0   0.03247         1       224    0.2378     0.624    0.2138    0.1153    0.0516   0.01248         0
   294/299     1.41G    0.0286  0.009377         0   0.03797         1       224    0.2908    0.4358    0.2073    0.1128   0.05303   0.01245         0
   295/299     1.41G   0.02937  0.007744         0   0.03711         1       224    0.2788    0.4375    0.1982    0.1056   0.05265   0.01263         0
   296/299     1.41G   0.02819  0.008671         0   0.03686         3       224    0.2495    0.6233    0.2071    0.1102   0.05254   0.01254         0
   297/299     1.41G   0.02788  0.008506         0   0.03638         1       224      0.25     0.625    0.2078    0.1037   0.05551   0.01215         0
   298/299     1.41G   0.03238  0.008931         0   0.04131         2       224      0.25     0.625    0.2078    0.1037   0.05551   0.01215         0
   299/299     1.41G   0.03025  0.009247         0    0.0395         4       224    0.2436     0.625    0.2154    0.1057   0.05788   0.01193         0
