      0/29     3.71G   0.02174  0.009752   0.04619   0.07768        98       480    0.6282    0.8436    0.7743    0.7129  0.005339  0.002056  0.009134
      1/29     3.59G   0.01291  0.005001   0.03323   0.05114        99       480    0.9393    0.9456    0.9767    0.9163  0.002622  0.001538  0.002555
      2/29     3.59G   0.01095  0.004443   0.03056   0.04595        95       480    0.9407    0.9353    0.9783    0.9067  0.002716  0.001157  0.002578
      3/29     3.59G  0.008393  0.003619   0.02884   0.04085       101       480    0.9655    0.9729    0.9916    0.9248   0.00257 0.0005846  0.001363
      4/29     3.59G  0.007039  0.003113   0.02722   0.03737        82       480    0.9704     0.974    0.9924    0.9567   0.00222  0.001423   0.00133
      5/29     3.59G  0.006377  0.002855    0.0261   0.03533        90       480    0.9719    0.9786    0.9931    0.9831  0.002246  0.002135  0.001085
      6/29     3.59G  0.005881  0.002697   0.02567   0.03425       103       480    0.9836    0.9798     0.994     0.934  0.002471 0.0007873 0.0008484
      7/29     3.59G  0.005728   0.00259   0.02497   0.03329        95       480    0.9857    0.9813    0.9942    0.9519  0.002415 0.0005578 0.0008328
      8/29     3.59G  0.005326  0.002502   0.02448   0.03231        96       480    0.9861    0.9836    0.9944    0.9494  0.002448   0.00066 0.0007149
      9/29     3.59G  0.005053  0.002405   0.02412   0.03158        93       480    0.9857    0.9854    0.9944    0.9767   0.00236 0.0006076 0.0006782
     10/29     3.59G  0.004924  0.002353   0.02398   0.03126       112       480    0.9862    0.9872    0.9947    0.9521  0.002373 0.0009643 0.0006349
     11/29     3.59G   0.00479  0.002266   0.02337   0.03043       101       480    0.9899     0.988    0.9949    0.9275  0.002361 0.0006142 0.0005508
     12/29     3.59G  0.004512  0.002235    0.0234   0.03015        98       480      0.99    0.9875     0.995    0.9528  0.002335 0.0009701 0.0005438
     13/29     3.59G  0.004403  0.002155   0.02292   0.02948        97       480    0.9901    0.9891     0.995    0.9598  0.002344 0.0008955 0.0005169
     14/29     3.59G  0.004157  0.002087   0.02281   0.02906       102       480      0.99    0.9909    0.9951    0.9494  0.002387 0.0006694 0.0004756
     15/29     3.59G  0.004087  0.002047   0.02294   0.02907       103       480    0.9932    0.9891    0.9951    0.9439   0.00239 0.0006053  0.000453
     16/29     3.59G  0.003886  0.001974   0.02236   0.02822        98       480    0.9934    0.9896    0.9952    0.9583  0.002377 0.0006345 0.0004422
     17/29     3.59G  0.003745  0.001948   0.02189   0.02758        94       480    0.9941    0.9896    0.9952    0.9488  0.002435 0.0006077 0.0004278
     18/29     3.59G  0.003451  0.001859   0.02152   0.02683        99       480    0.9925    0.9918    0.9952    0.9465  0.002455 0.0006114 0.0004174
     19/29     3.59G  0.003354  0.001792   0.02147   0.02662       105       480    0.9932    0.9917    0.9953    0.9473  0.002479 0.0005926 0.0004071
     20/29     3.59G  0.003194  0.001742    0.0216   0.02653       100       480     0.994    0.9913    0.9953    0.9468  0.002478 0.0005813 0.0003968
