     0/299    0.868G    0.0864    0.0175         0    0.1039         1       640  0.001023       0.1 0.0001181 4.723e-05   0.09106   0.01189         0
     1/299    0.868G    0.0814   0.02092         0    0.1023         3       640  0.008884       0.1  0.001184 0.0001231   0.08329   0.01312         0
     2/299    0.868G   0.07171    0.0212         0   0.09291         1       640  0.006785       0.2  0.002322 0.0007887   0.08086    0.0185         0
     3/299    0.868G   0.07603   0.02078         0   0.09681         1       640  0.006785       0.2  0.002322 0.0007887   0.08086    0.0185         0
     4/299    0.868G   0.07546   0.02244         0    0.0979         1       640  0.006785       0.2  0.002322 0.0007887   0.08086    0.0185         0
     5/299    0.868G   0.07414   0.02094         0   0.09508         1       640  0.006785       0.2  0.002322 0.0007887   0.08086    0.0185         0
     6/299    0.868G   0.07723   0.02202         0   0.09925         1       640  0.006785       0.2  0.002322 0.0007887   0.08086    0.0185         0
     7/299    0.868G   0.07068   0.01847         0   0.08915         1       640     0.111       0.1   0.01063  0.001063   0.08644   0.02518         0
     8/299    0.868G   0.08624   0.02086         0    0.1071         3       640  0.001094       0.3 0.0003333 5.192e-05   0.08991   0.09847         0
     9/299    0.868G    0.0818   0.02246         0    0.1043         2       640  0.001971       0.2  0.000401 5.004e-05   0.08485   0.02579         0
    10/299    0.868G   0.08038    0.0204         0    0.1008         3       640   0.00076       0.2 0.0001555 3.778e-05   0.08754   0.09799         0
    11/299    0.868G   0.08127   0.01948         0    0.1008         1       640   0.02081       0.1  0.004737 0.0006923   0.08032   0.01782         0
    12/299    0.868G    0.0727   0.01917         0   0.09187         3       640   0.05301     0.196   0.01267  0.003821   0.07515   0.02954         0
    13/299    0.868G   0.07171    0.0177         0   0.08941         2       640   0.05309       0.2   0.01304  0.002721    0.0719   0.01681         0
    14/299    0.868G    0.0749   0.01897         0   0.09387         1       640   0.04928       0.1   0.00583  0.000583    0.0769   0.01642         0
    15/299    0.868G   0.07057   0.01976         0   0.09034         2       640     0.331       0.1   0.03284  0.003346   0.07347   0.02166         0
    16/299    0.868G   0.07136   0.01974         0    0.0911         2       640    0.2491    0.1991     0.123   0.01709   0.07355   0.01312         0
    17/299    0.868G   0.07227   0.01761         0   0.08988         3       640    0.2837       0.2    0.1377   0.07238    0.0767   0.02219         0
    18/299    0.868G   0.06869   0.01905         0   0.08774         2       640     0.221       0.2    0.1295   0.03505   0.07218   0.01307         0
    19/299    0.868G   0.06675   0.01811         0   0.08485         1       640    0.9947       0.1    0.1192   0.05026   0.06931   0.01311         0
    20/299    0.868G   0.06734   0.01974         0   0.08708         2       640    0.1663       0.2    0.1227   0.02951   0.07109   0.01533         0
    21/299    0.868G   0.06676    0.0206         0   0.08737         7       640    0.1815       0.2   0.05903   0.01068   0.06721   0.01294         0
    22/299    0.868G   0.06728   0.01957         0   0.08685         2       640    0.2856       0.2   0.08389   0.04024   0.06833   0.01254         0
    23/299    0.868G   0.06772   0.01926         0   0.08699         1       640     0.399       0.2    0.1043   0.01458   0.06997   0.01148         0
    24/299    0.868G   0.06318    0.0198         0   0.08298         2       640    0.2786       0.2   0.07202   0.02165   0.06546   0.01229         0
    25/299    0.868G   0.06431   0.01893         0   0.08324         3       640    0.1418    0.1985   0.03806  0.008033   0.06169   0.01411         0
    26/299    0.868G   0.06206   0.01954         0    0.0816         2       640    0.1657       0.1   0.02423   0.01272   0.06446   0.01601         0
    27/299    0.868G   0.06112    0.0198         0   0.08092         1       640    0.1779       0.2   0.05326    0.0234   0.06662    0.0197         0
    28/299    0.868G   0.06478   0.01936         0   0.08413         2       640    0.4996    0.1998    0.1048   0.03616   0.06693   0.01316         0
    29/299    0.868G   0.06704    0.0192         0   0.08624         1       640    0.1048    0.2929   0.06442   0.02175   0.06507   0.01373         0
    30/299    0.868G   0.06111   0.01791         0   0.07902         1       640         1       0.1    0.1312    0.0181   0.06427   0.01435         0
    31/299    0.868G   0.06261   0.02105         0   0.08366         4       640    0.4937       0.2    0.1161   0.03018   0.06532   0.01177         0
    32/299    0.868G   0.06344   0.02011         0   0.08355         5       640    0.2491       0.1   0.04408   0.01556    0.0657    0.0133         0
    33/299    0.868G   0.06541   0.01911         0   0.08452         5       640    0.3272       0.1    0.0599    0.0127   0.06115   0.01473         0
    34/299    0.868G   0.06267   0.02038         0   0.08306         2       640    0.1655       0.2   0.07014   0.02231   0.06714   0.01274         0
    35/299    0.868G   0.05989    0.0205         0   0.08039         2       640    0.7497       0.3    0.2859    0.1163   0.06237   0.01328         0
    36/299    0.868G   0.06094   0.01959         0   0.08053         7       640    0.4998       0.2    0.1537   0.04496   0.06054   0.01219         0
    37/299    0.868G   0.06089   0.02019         0   0.08108         1       640    0.1661       0.2    0.0438   0.01172    0.0597    0.0133         0
    38/299    0.868G   0.05748    0.0198         0   0.07728         2       640    0.2495    0.2993   0.08426   0.02389   0.05952   0.01373         0
    39/299    0.868G   0.06027   0.01956         0   0.07983         2       640    0.4964       0.2    0.1379   0.04917   0.05935   0.01355         0
    40/299    0.868G   0.05764   0.01973         0   0.07737         1       640    0.3973       0.2     0.167   0.09054   0.05802   0.01333         0
    41/299    0.868G   0.05556   0.01893         0   0.07449         2       640    0.3749       0.3    0.1954   0.08665   0.05438   0.01337         0
    42/299    0.868G   0.05434   0.01801         0   0.07235         1       640    0.4997       0.3    0.2162   0.04711   0.05789   0.01223         0
    43/299    0.868G    0.0578   0.01902         0   0.07682         2       640    0.6609       0.2    0.1522   0.03366   0.06032   0.01239         0
    44/299    0.868G   0.05305   0.01803         0   0.07107         3       640     0.636       0.2    0.1472   0.07964   0.05718   0.01351         0
    45/299    0.868G   0.05772   0.01694         0   0.07466         1       640    0.5988       0.3    0.1822   0.04026   0.05603   0.01259         0
    46/299    0.868G   0.05945   0.01677         0   0.07622         3       640    0.4173       0.3    0.1486   0.05064   0.06726   0.01275         0
    47/299    0.868G   0.05971   0.01632         0   0.07603         1       640    0.2487       0.2   0.07914   0.02807   0.05805   0.01543         0
    48/299    0.868G   0.05677    0.0197         0   0.07647         1       640    0.1069       0.3   0.05734   0.02469   0.05968   0.01718         0
    49/299    0.868G   0.05696   0.01803         0   0.07498         2       640    0.3277    0.1957   0.09285   0.03029   0.06087   0.01217         0
    50/299    0.868G   0.05706   0.01835         0   0.07541         3       640    0.2217       0.4    0.1453   0.05021   0.05456    0.0127         0
    51/299    0.868G   0.05862   0.01884         0   0.07746         0       640    0.1962       0.4    0.1137   0.05438   0.05285   0.01273         0
    52/299    0.868G   0.05821   0.01937         0   0.07758         3       640    0.1427       0.2    0.0397   0.01196    0.0556   0.01477         0
    53/299    0.868G   0.05302    0.0168         0   0.06982         1       640    0.2494       0.2    0.1516   0.03779   0.05456   0.01334         0
    54/299    0.868G   0.05243   0.01814         0   0.07057         1       640     0.749    0.2988    0.2319   0.04642   0.05586   0.01307         0
    55/299    0.868G   0.05161   0.01848         0   0.07009         0       640    0.5994    0.2994    0.2723   0.06423   0.05375   0.01204         0
    56/299    0.868G   0.05468   0.02002         0   0.07471         4       640    0.4285       0.3    0.2747   0.06345   0.05818   0.01156         0
    57/299    0.868G   0.05306    0.0174         0   0.07046         1       640    0.4985       0.3    0.2653   0.08829   0.06075   0.01201         0
    58/299    0.868G   0.05793   0.01668         0   0.07461         1       640     0.747       0.3    0.2785   0.08889    0.0538   0.01161         0
    59/299    0.868G   0.05272   0.01923         0   0.07195         2       640    0.1863       0.1   0.03816  0.006698   0.06377   0.01583         0
    60/299    0.868G   0.05081   0.01843         0   0.06924         2       640         1    0.1999    0.2461   0.06597   0.05525   0.01301         0
    61/299    0.868G   0.05316    0.0175         0   0.07066         3       640    0.4997       0.2    0.1253   0.02779    0.0591   0.01569         0
    62/299    0.868G   0.05136   0.01716         0   0.06852         2       640    0.3262       0.3    0.1405   0.05852   0.05872    0.0125         0
    63/299    0.868G    0.0555   0.01738         0   0.07288         1       640    0.6661    0.1997    0.1937   0.03489   0.05558   0.01253         0
    64/299    0.868G   0.05177   0.01689         0   0.06866         1       640    0.3067       0.4    0.2591    0.1252   0.05504   0.01235         0
    65/299    0.868G   0.04948   0.01675         0   0.06623         0       640    0.4156       0.5    0.3689   0.09497   0.05121   0.01359         0
    66/299    0.868G   0.05102   0.01796         0   0.06898         2       640         1    0.2993    0.3903     0.137   0.04937   0.01189         0
    67/299    0.868G   0.05055   0.01626         0   0.06681         1       640         1     0.299    0.4111    0.1323   0.05028   0.01254         0
    68/299    0.868G   0.05253   0.01605         0   0.06858         3       640    0.2169       0.5    0.1982   0.06604   0.05654   0.01371         0
    69/299    0.868G   0.05621   0.01931         0   0.07552         2       640     0.185       0.5    0.1248   0.04427   0.05473   0.01483         0
    70/299    0.868G   0.05051   0.01654         0   0.06705         1       640    0.2713    0.5959    0.2107     0.053   0.05063   0.01235         0
    71/299    0.868G   0.05052   0.01799         0   0.06852         3       640    0.5487       0.5    0.3975    0.1476   0.05072   0.01056         0
    72/299    0.868G   0.04883   0.01571         0   0.06454         6       640    0.3568    0.4994    0.3508   0.05622   0.04757   0.01166         0
    73/299    0.868G   0.05307   0.01687         0   0.06994         2       640    0.4148    0.4966     0.249    0.1322    0.0504   0.01204         0
    74/299    0.868G   0.05014   0.01671         0   0.06686         3       640         1       0.2    0.2757   0.07254   0.05534   0.01279         0
    75/299    0.868G   0.05163   0.01688         0   0.06852         1       640    0.1818       0.4    0.1753   0.03056   0.05675    0.0168         0
    76/299    0.868G   0.05147   0.01964         0    0.0711         2       640    0.2662       0.4       0.2   0.05513   0.05426    0.0119         0
    77/299    0.868G    0.0459   0.01733         0   0.06322         3       640    0.2471       0.5    0.2358   0.08545    0.0503   0.01215         0
    78/299    0.868G   0.04755   0.01696         0   0.06451         5       640    0.4992       0.3    0.2223   0.09972   0.05115   0.01453         0
    79/299    0.868G   0.04857   0.01766         0   0.06623         0       640    0.2981       0.3     0.184   0.09029   0.05104    0.0132         0
    80/299    0.868G   0.04891   0.01609         0   0.06501         4       640    0.7489       0.3    0.2809    0.1137   0.04791   0.01159         0
    81/299    0.868G   0.04678   0.01832         0    0.0651         2       640    0.4284    0.5997    0.4288    0.1167      0.05  0.009987         0
    82/299    0.868G   0.04769   0.01589         0   0.06359         2       640    0.9998       0.2    0.2785    0.1337   0.04617   0.01381         0
    83/299    0.868G   0.04447   0.01729         0   0.06176         5       640       0.4       0.4    0.3349    0.1341   0.04601   0.01283         0
    84/299    0.868G   0.04663   0.01668         0    0.0633         1       640    0.4281       0.3    0.1653   0.04032   0.04812   0.01353         0
    85/299    0.868G   0.04437   0.01489         0   0.05926         0       640    0.4986    0.4975    0.4038      0.17   0.04863   0.01035         0
    86/299    0.868G   0.05057   0.01664         0   0.06721         3       640     0.311       0.5    0.3088    0.1581   0.04837   0.01091         0
    87/299    0.868G   0.04768    0.0179         0   0.06558         3       640    0.4438       0.4    0.3461    0.1158   0.05154   0.01019         0
    88/299    0.868G   0.04944   0.01754         0   0.06698         2       640    0.9996       0.4    0.5181    0.1654   0.04772   0.01132         0
    89/299    0.868G   0.04634   0.01568         0   0.06202         1       640    0.5714       0.4    0.3874    0.1885   0.04794   0.01071         0
    90/299    0.868G    0.0463    0.0146         0    0.0609         4       640    0.2769       0.5    0.2605    0.1039   0.05291   0.01288         0
    91/299    0.868G   0.04884    0.0165         0   0.06534         2       640    0.3679       0.7    0.3387    0.1069   0.04949    0.0114         0
    92/299    0.868G   0.04656   0.01545         0     0.062         1       640    0.4589       0.6     0.446    0.1802    0.0506   0.01078         0
    93/299    0.868G   0.04892   0.01523         0   0.06415         1       640    0.4976       0.4    0.3145   0.08027   0.04908   0.01125         0
    94/299    0.868G   0.04914   0.01595         0   0.06509         4       640    0.7993       0.4    0.4876    0.1048   0.04938    0.0116         0
    95/299    0.868G   0.04938    0.0163         0   0.06568         3       640    0.4284       0.6    0.4304    0.1269   0.04635   0.01125         0
    96/299    0.868G   0.04541   0.01575         0   0.06117         1       640    0.7989       0.4    0.4275   0.09107   0.04539   0.01068         0
    97/299    0.868G   0.04429   0.01564         0   0.05993         4       640    0.9996       0.3    0.4613    0.1754   0.04675   0.01169         0
    98/299    0.868G   0.04685   0.01683         0   0.06368         3       640     0.569       0.4    0.4011    0.2072   0.04564   0.01299         0
    99/299    0.868G   0.04384    0.0157         0   0.05954         0       640    0.5714       0.4     0.393    0.1971   0.04646   0.01015         0
   100/299    0.868G   0.04406    0.0158         0   0.05986         5       640    0.9991       0.3    0.3108     0.142   0.04623   0.01049         0
   101/299    0.868G   0.04342   0.01491         0   0.05832         1       640      0.57       0.4    0.4449    0.2102   0.04676   0.01136         0
   102/299    0.868G   0.04291   0.01543         0   0.05834         1       640    0.9997       0.4    0.5482    0.2924   0.04379   0.01049         0
   103/299    0.868G   0.04493   0.01579         0   0.06071         1       640    0.6665    0.5996    0.5716    0.2384   0.04461   0.01121         0
   104/299    0.868G   0.04461   0.01533         0   0.05995         0       640    0.5996    0.5991    0.5212    0.1636   0.04845  0.009768         0
   105/299    0.868G   0.04723   0.01601         0   0.06324         3       640    0.7499    0.2998    0.3604    0.1648   0.04388   0.01133         0
   106/299    0.868G    0.0433   0.01553         0   0.05883         2       640    0.3682    0.6992     0.385   0.09375   0.04597   0.01191         0
   107/299    0.868G   0.04477   0.01612         0   0.06089         4       640    0.7989       0.4    0.4584    0.2305   0.04434   0.01198         0
   108/299    0.868G   0.04456   0.01553         0   0.06009         2       640    0.5709       0.4    0.4473    0.2226   0.04448    0.0147         0
   109/299    0.868G   0.04442   0.01679         0   0.06121         1       640    0.8333    0.4998    0.4797    0.2226   0.04806   0.01059         0
   110/299    0.868G   0.04459   0.01741         0   0.06201         7       640    0.9981       0.3     0.362    0.1519   0.05037   0.01017         0
   111/299    0.868G   0.04553   0.01533         0   0.06086         3       640    0.8333       0.5     0.611     0.221   0.04482   0.00986         0
   112/299    0.868G   0.04112   0.01527         0   0.05639         1       640    0.6664       0.4    0.4978    0.2665   0.04444   0.01043         0
   113/299    0.868G   0.04147   0.01539         0   0.05686         1       640    0.6595       0.4    0.4638    0.2087   0.04237   0.01145         0
   114/299    0.868G   0.04436   0.01507         0   0.05943         4       640    0.4996       0.7    0.5004    0.2214    0.0408   0.01126         0
   115/299    0.868G   0.04113   0.01483         0   0.05596         2       640    0.5547       0.5    0.3976    0.1866   0.04397   0.01078         0
   116/299    0.868G   0.04088   0.01438         0   0.05526         1       640    0.6249    0.4999    0.4897    0.1534   0.04601   0.01103         0
   117/299    0.868G    0.0395   0.01497         0   0.05447         2       640    0.8324       0.5    0.5001     0.137   0.04587   0.01245         0
   118/299    0.868G   0.04103   0.01541         0   0.05645         4       640    0.4545       0.5      0.37    0.1324    0.0475   0.01156         0
   119/299    0.868G   0.04143   0.01371         0   0.05514         1       640    0.3997       0.6    0.3568    0.1475   0.04756   0.01135         0
   120/299    0.868G   0.03892   0.01353         0   0.05245         2       640    0.7496       0.6    0.4744    0.1396   0.04739   0.01084         0
   121/299    0.868G   0.04301   0.01572         0   0.05873         5       640    0.7498       0.6    0.5435    0.1895   0.04533   0.01037         0
   122/299    0.868G   0.04335   0.01559         0   0.05893         2       640    0.9936       0.3    0.3717    0.1139   0.04443   0.01659         0
   123/299     0.87G   0.03978   0.01423         0   0.05401         1       640    0.2499    0.4998    0.2142    0.1071   0.04453   0.01402         0
   124/299     0.87G   0.04256   0.01555         0    0.0581         1       640    0.4998       0.3    0.2802    0.1152   0.04733   0.01199         0
   125/299     0.87G   0.04129   0.01521         0    0.0565         1       640    0.9998       0.3    0.4038    0.1374   0.04182   0.01128         0
   126/299     0.87G    0.0424   0.01569         0   0.05809         2       640    0.5999    0.2999    0.3882    0.1784   0.04039   0.01149         0
   127/299     0.87G   0.04162   0.01499         0   0.05662         2       640    0.5994       0.3    0.3342    0.1385   0.04464   0.01083         0
   128/299     0.87G   0.03979   0.01524         0   0.05503         3       640    0.5554    0.4997    0.3607    0.1547   0.04982   0.01186         0
   129/299     0.87G   0.03948   0.01428         0   0.05375         1       640    0.4977       0.5    0.3731    0.2121   0.04425   0.01489         0
   130/299     0.87G   0.04165   0.01588         0   0.05753         1       640    0.9998       0.4    0.5418    0.2198   0.04213   0.01174         0
   131/299     0.87G   0.04045   0.01439         0   0.05484         2       640    0.6666    0.5997    0.5646    0.2673   0.04075   0.01032         0
   132/299     0.87G   0.03992   0.01453         0   0.05446         4       640    0.9997       0.3    0.4382    0.2149   0.04199   0.01042         0
   133/299     0.87G   0.03961   0.01426         0   0.05387         1       640    0.4665    0.6997    0.5044    0.1931   0.04346   0.01113         0
   134/299     0.87G   0.04268   0.01488         0   0.05755         4       640    0.7997    0.3994    0.4493    0.2363   0.04362    0.0115         0
   135/299     0.87G   0.04157   0.01518         0   0.05675         1       640    0.8322       0.5    0.5261    0.2484   0.04203   0.01198         0
   136/299     0.87G   0.04008   0.01487         0   0.05495         4       640      0.47       0.8    0.5563    0.1039   0.04609   0.01075         0
   137/299     0.87G   0.03788   0.01348         0   0.05136         4       640    0.4275       0.6    0.4227    0.1999   0.04262   0.01043         0
   138/299     0.87G   0.04059   0.01487         0   0.05546         1       640    0.5713    0.3999    0.3737    0.1955   0.04335   0.01121         0
   139/299     0.87G   0.03977   0.01431         0   0.05407         4       640    0.3744       0.6    0.2803    0.1415   0.04376   0.01461         0
   140/299     0.87G   0.04108   0.01477         0   0.05585         2       640    0.3747    0.5992    0.3426    0.1451   0.04572   0.01134         0
   141/299     0.87G   0.03942    0.0144         0   0.05382         1       640    0.4995    0.4991    0.3726    0.1298   0.04285   0.01326         0
   142/299     0.87G   0.03809   0.01351         0   0.05161         2       640    0.5459       0.5    0.3731   0.09528   0.04533   0.01249         0
   143/299     0.87G   0.04175   0.01355         0    0.0553         0       640    0.6665    0.5997    0.4642    0.1615   0.04497   0.01189         0
   144/299     0.87G   0.04071   0.01382         0   0.05453         1       640    0.4996       0.6    0.4338    0.1838   0.04264   0.01039         0
   145/299     0.87G   0.03797   0.01457         0   0.05254         6       640    0.6663       0.4    0.3616    0.1148   0.04489   0.01085         0
   146/299     0.87G   0.04214    0.0161         0   0.05825         2       640    0.7125       0.5    0.3849     0.154   0.04539   0.01171         0
   147/299     0.87G   0.03996   0.01448         0   0.05444         2       640    0.5826       0.7    0.5376    0.1971    0.0422   0.01084         0
   148/299     0.87G   0.03884   0.01351         0   0.05235         3       640    0.4999    0.5998    0.4225    0.2151    0.0427  0.009925         0
   149/299     0.87G   0.04127   0.01446         0   0.05574         3       640    0.4372    0.6991    0.5566    0.2399   0.04253   0.00971         0
   150/299     0.87G   0.03997   0.01473         0    0.0547         2       640    0.3996    0.7987    0.5785    0.2364    0.0453   0.01188         0
   151/299     0.87G   0.04093   0.01407         0     0.055         3       640    0.6189       0.5    0.5132    0.2811   0.04338   0.01134         0
   152/299     0.87G   0.04059   0.01443         0   0.05502         1       640    0.3528       0.6    0.3266    0.1569   0.04422   0.01073         0
   153/299     0.87G   0.04052   0.01403         0   0.05456         2       640     0.333    0.6989    0.3777    0.1351   0.04388   0.01126         0
   154/299     0.87G   0.03997   0.01439         0   0.05436         1       640    0.5962       0.3    0.3561    0.1519   0.04356   0.01164         0
   155/299     0.87G   0.03898   0.01401         0   0.05299         2       640    0.4166    0.4998    0.4263    0.2054   0.04007   0.01045         0
   156/299     0.87G   0.04288   0.01457         0   0.05746         1       640    0.3749       0.6    0.4017    0.2234   0.04068  0.009256         0
   157/299     0.87G   0.04229   0.01397         0   0.05627         1       640    0.6666       0.4    0.4384    0.2054   0.03861   0.01099         0
   158/299     0.87G   0.03893   0.01444         0   0.05337         2       640    0.4367       0.7    0.4685    0.1815   0.04098   0.01006         0
   159/299     0.87G   0.03931   0.01354         0   0.05285         2       640    0.5712       0.4    0.3717    0.2465    0.0404   0.01016         0
   160/299     0.87G   0.04093    0.0143         0   0.05524         1       640    0.7497       0.6    0.6004    0.2699   0.03893    0.0103         0
   161/299     0.87G    0.0387   0.01323         0   0.05193         1       640    0.9982       0.4    0.4581    0.2024   0.04299  0.009982         0
   162/299     0.87G   0.03961   0.01536         0   0.05497         0       640    0.4609       0.6    0.4062    0.1845   0.04222   0.01095         0
   163/299     0.87G   0.03863   0.01275         0   0.05138         4       640    0.3633    0.3995    0.3002     0.166   0.04232   0.01323         0
   164/299     0.87G   0.03711   0.01253         0   0.04963         1       640    0.8329       0.5    0.5385    0.2449   0.04198   0.01053         0
   165/299     0.87G   0.03661   0.01384         0   0.05044         3       640    0.8332    0.4996    0.5103    0.2387   0.04283   0.01149         0
   166/299     0.87G   0.03688   0.01483         0    0.0517         1       640    0.4541       0.5    0.3676    0.2137   0.04484   0.01137         0
   167/299     0.87G   0.03541   0.01374         0   0.04915         1       640    0.6649       0.4    0.3818    0.1717   0.04567   0.01081         0
   168/299     0.87G   0.03814   0.01484         0   0.05299         3       640    0.4999       0.6     0.423    0.1777   0.04588   0.01013         0
   169/299     0.87G   0.03728    0.0139         0   0.05117         2       640    0.9993       0.5    0.6097    0.1658    0.0427   0.01131         0
   170/299     0.87G   0.03528   0.01321         0    0.0485         1       640    0.9977       0.4    0.4914    0.1621    0.0428   0.00956         0
   171/299     0.87G   0.03652    0.0133         0   0.04982         4       640    0.4283       0.6    0.4194    0.1547   0.04504  0.009422         0
   172/299     0.87G    0.0373   0.01271         0   0.05001         3       640    0.5453       0.6    0.4914    0.2122   0.04183   0.00961         0
   173/299     0.87G   0.03541   0.01246         0   0.04788         0       640         1    0.5997    0.6368    0.2118   0.04268   0.01061         0
   174/299     0.87G   0.03688   0.01311         0   0.04999         1       640    0.4998       0.6    0.5044    0.2685   0.04325   0.01075         0
   175/299     0.87G   0.03473   0.01239         0   0.04712         1       640    0.4991       0.7    0.5498    0.1966    0.0454   0.01037         0
   176/299     0.87G   0.03635   0.01452         0   0.05088         2       640    0.4993       0.4    0.3612    0.1367   0.04421   0.01005         0
   177/299     0.87G   0.03543   0.01307         0    0.0485         2       640    0.7493       0.6    0.4499    0.1343   0.04211    0.0103         0
   178/299     0.87G   0.03423   0.01295         0   0.04718         3       640    0.6363       0.7    0.4918    0.2046   0.04173   0.01133         0
   179/299     0.87G   0.03803   0.01408         0   0.05211         3       640    0.6655       0.6    0.4723    0.1852   0.04262   0.01347         0
   180/299     0.87G    0.0352   0.01221         0    0.0474         1       640    0.4998       0.4    0.2952    0.1336   0.04496   0.01258         0
   181/299     0.87G   0.03443   0.01305         0   0.04748         2       640    0.2352    0.3998    0.1423   0.07367   0.04382    0.0162         0
   182/299     0.87G   0.03398   0.01269         0   0.04667         2       640    0.3329       0.4    0.2607    0.1251   0.04108   0.01414         0
   183/299     0.87G   0.03501   0.01381         0   0.04882         4       640    0.5551       0.5    0.4646    0.2137    0.0413   0.01118         0
   184/299     0.87G   0.03447   0.01272         0   0.04719         4       640    0.7453       0.3    0.3606    0.1923   0.04256   0.01067         0
   185/299     0.87G   0.03252   0.01268         0   0.04521         2       640    0.4285       0.6    0.4102    0.2143   0.04301   0.01016         0
   186/299     0.87G   0.03404   0.01247         0   0.04651         3       640    0.6239       0.5    0.4459    0.2036   0.04524  0.009071         0
   187/299     0.87G    0.0343   0.01245         0   0.04675         3       640    0.6664    0.3996    0.4609    0.2311   0.04273  0.009151         0
   188/299     0.87G   0.03142   0.01195         0   0.04337         1       640    0.7109       0.5    0.4741    0.2198   0.04057   0.01005         0
   189/299     0.87G    0.0345   0.01254         0   0.04704         3       640    0.7498    0.2997    0.3551    0.1864   0.04133   0.01261         0
   190/299     0.87G   0.03407   0.01258         0   0.04665         3       640    0.3333       0.5     0.316    0.1443   0.04185   0.01115         0
   191/299     0.87G   0.03314   0.01259         0   0.04573         1       640    0.4543       0.5    0.3863    0.1834    0.0419   0.01117         0
   192/299     0.87G   0.03487    0.0135         0   0.04838         1       640    0.6665       0.6    0.4926    0.2043   0.04364   0.01052         0
   193/299     0.87G   0.03278   0.01195         0   0.04473         4       640    0.6666    0.5999     0.578     0.238   0.04437   0.01022         0
   194/299     0.87G   0.03464    0.0127         0   0.04734         4       640       0.5       0.6    0.4802    0.2493   0.04153  0.009854         0
   195/299     0.87G   0.03221   0.01161         0   0.04382         1       640    0.6345       0.7    0.6048     0.263   0.03894  0.009424         0
   196/299     0.87G     0.033   0.01236         0   0.04535         6       640    0.4999    0.4998    0.5074    0.2726   0.03977  0.008955         0
   197/299     0.87G   0.03274   0.01203         0   0.04476         5       640    0.4961       0.6    0.5034    0.2765   0.03791  0.009761         0
   198/299     0.87G   0.03238   0.01247         0   0.04485         1       640    0.7134       0.5    0.5298    0.2509   0.03821    0.0105         0
   199/299     0.87G    0.0335   0.01284         0   0.04634         2       640    0.6997       0.7    0.6624     0.273   0.03965   0.01076         0
   200/299     0.87G   0.03088   0.01126         0   0.04215         2       640    0.5549    0.4989    0.4573    0.2443   0.04045   0.01126         0
   201/299     0.87G   0.03392   0.01388         0    0.0478         1       640    0.5555       0.5    0.4812    0.2614   0.04021   0.01089         0
   202/299     0.87G   0.03308   0.01239         0   0.04547         1       640    0.7141       0.5    0.5615    0.3006   0.04177  0.009884         0
   203/299     0.87G   0.03336   0.01172         0   0.04508         1       640    0.5556       0.5     0.383    0.1596   0.04072    0.0125         0
   204/299     0.87G   0.03461   0.01444         0   0.04905         3       640    0.5553    0.4995    0.4133    0.2191   0.04226   0.01041         0
   205/299     0.87G   0.03408   0.01433         0   0.04841         0       640    0.6666       0.6    0.5263     0.227   0.04235   0.01035         0
   206/299     0.87G   0.03352   0.01175         0   0.04527         1       640       0.6       0.6    0.5544     0.249   0.04467  0.009219         0
   207/299     0.87G   0.03542   0.01419         0   0.04961         5       640    0.6246       0.5    0.4926    0.2239   0.04243  0.009002         0
   208/299     0.87G   0.03669   0.01342         0   0.05011         4       640    0.9991       0.5    0.6843    0.2198   0.03914  0.009028         0
   209/299     0.87G    0.0385   0.01396         0   0.05246         1       640    0.5552    0.4993    0.4528    0.1639   0.04278  0.009164         0
   210/299     0.87G   0.03691   0.01365         0   0.05056         1       640     0.666       0.4    0.3808    0.1444   0.04605   0.01112         0
   211/299     0.87G   0.03534   0.01299         0   0.04834         4       640    0.7141       0.5     0.477    0.2076   0.04463   0.01108         0
   212/299     0.87G   0.03573   0.01357         0    0.0493         5       640    0.6665    0.5996    0.5657    0.2649   0.04447   0.01156         0
   213/299     0.87G   0.03728   0.01298         0   0.05027         0       640    0.8571       0.6    0.5957    0.2305   0.04513   0.01119         0
   214/299     0.87G   0.03635   0.01457         0   0.05092         0       640    0.7138       0.5    0.5074    0.1947   0.04754   0.01115         0
   215/299     0.87G   0.03344   0.01358         0   0.04701         1       640    0.8311       0.5    0.4796    0.2173   0.04713   0.01183         0
   216/299     0.87G   0.03283   0.01275         0   0.04558         1       640    0.5454       0.6    0.4436    0.1682   0.04535   0.01216         0
   217/299     0.87G   0.03124   0.01274         0   0.04398         0       640    0.5555       0.5      0.44    0.2192   0.04391   0.01098         0
   218/299     0.87G   0.03372   0.01134         0   0.04506         2       640    0.4999    0.4998    0.4484    0.2113   0.04317   0.01009         0
   219/299     0.87G   0.03427   0.01193         0    0.0462         2       640    0.6657       0.6    0.5807    0.2503   0.04031  0.009673         0
   220/299     0.87G   0.03495   0.01299         0   0.04794         1       640    0.5989       0.6    0.5448    0.3227   0.04061  0.009726         0
   221/299     0.87G   0.03138   0.01196         0   0.04335         0       640    0.5832       0.7    0.5404    0.2321   0.03663    0.0122         0
   222/299     0.87G   0.03329    0.0129         0   0.04619         5       640    0.4543    0.4996    0.3791    0.1577    0.0395   0.01389         0
   223/299     0.87G   0.03069   0.01151         0   0.04219         0       640    0.5712       0.4    0.3868    0.1716   0.04112   0.01205         0
   224/299     0.87G   0.02896   0.01154         0    0.0405         0       640    0.6559       0.4    0.3737    0.1754   0.03995   0.01377         0
   225/299     0.87G   0.03065   0.01125         0    0.0419         2       640    0.6246       0.5    0.4757    0.1991   0.03965    0.0122         0
   226/299     0.87G   0.03159   0.01189         0   0.04348         4       640     0.713       0.5    0.4917     0.158    0.0426   0.01181         0
   227/299     0.87G     0.031   0.01165         0   0.04265         3       640    0.6664    0.3995    0.3606    0.1742   0.04103   0.01239         0
   228/299     0.87G   0.02918   0.01153         0    0.0407         1       640    0.3998       0.6    0.3926    0.2167   0.04066   0.01163         0
   229/299     0.87G   0.03028   0.01181         0   0.04209         1       640    0.4107     0.697    0.4537    0.2728   0.04042   0.01168         0
   230/299     0.87G   0.02822   0.01082         0   0.03904         1       640    0.5374       0.7    0.4521    0.2348   0.04102   0.01025         0
   231/299     0.87G   0.03057   0.01089         0   0.04146         1       640    0.4284       0.6    0.3591    0.2038   0.04133    0.0102         0
   232/299     0.87G   0.03114   0.01256         0   0.04369         5       640    0.5329    0.7986    0.5569    0.2173   0.03975   0.01062         0
   233/299     0.87G   0.03068   0.01268         0   0.04336         2       640    0.5999    0.5997    0.5016    0.2739   0.03925   0.01005         0
   234/299     0.87G   0.03097    0.0118         0   0.04277         1       640    0.5828       0.7    0.5954    0.2807   0.03756   0.01034         0
   235/299     0.87G   0.02768   0.01062         0    0.0383         1       640    0.4615       0.6    0.4308    0.2466    0.0366   0.01056         0
   236/299     0.87G   0.02886   0.01146         0   0.04032         5       640    0.4374       0.7     0.467    0.2591   0.03655    0.0105         0
   237/299     0.87G   0.03121   0.01116         0   0.04237         1       640    0.5453       0.6    0.5207    0.2447   0.03746   0.01092         0
   238/299     0.87G   0.03192   0.01108         0   0.04299         1       640    0.4997    0.4995     0.445    0.2588   0.03945   0.01096         0
   239/299     0.87G    0.0279   0.01038         0   0.03828         2       640    0.8324       0.5    0.5774     0.276   0.03817   0.01036         0
   240/299     0.87G   0.03035   0.01194         0    0.0423         1       640    0.7999       0.4    0.4206    0.2442   0.04031   0.01019         0
   241/299     0.87G   0.02881   0.01072         0   0.03953         2       640    0.7973       0.4    0.4085    0.2249   0.04132   0.01131         0
   242/299     0.87G   0.02976   0.01143         0   0.04118         1       640      0.62       0.5    0.5067    0.2607   0.04209   0.01108         0
   243/299     0.87G   0.02828   0.01087         0   0.03915         5       640    0.4612    0.5992    0.4609    0.2716   0.04096   0.01086         0
   244/299     0.87G   0.03236   0.01176         0   0.04412         0       640    0.4545       0.5    0.3979    0.2057   0.04265   0.01073         0
   245/299     0.87G   0.02897   0.01058         0   0.03955         4       640     0.571       0.4    0.4057    0.2233    0.0434  0.008992         0
   246/299     0.87G   0.02938   0.01129         0   0.04067         0       640    0.4999       0.5    0.4751    0.2146   0.04391  0.009024         0
   247/299     0.87G   0.02763  0.009693         0   0.03733         3       640    0.7998    0.3996    0.4959    0.2452   0.04169  0.009782         0
   248/299     0.87G   0.02902   0.01147         0    0.0405         2       640    0.6652       0.4    0.4741    0.2449   0.04177   0.01051         0
   249/299     0.87G   0.02997   0.01114         0    0.0411         4       640    0.6654       0.4    0.4791     0.193   0.04336   0.01096         0
   250/299     0.87G   0.02985   0.01159         0   0.04144         2       640    0.7991       0.4    0.4977    0.2044    0.0421   0.01004         0
   251/299     0.87G   0.03021   0.01214         0   0.04235         3       640    0.9975       0.4     0.516    0.2127   0.04113   0.01046         0
   252/299     0.87G   0.03017   0.01163         0    0.0418         1       640    0.6246       0.5    0.4926    0.2312    0.0437   0.01022         0
   253/299     0.87G   0.02929   0.01139         0   0.04067         1       640    0.5451       0.6    0.4581    0.2465   0.04529   0.01006         0
   254/299     0.87G   0.02967   0.01253         0    0.0422         3       640    0.5454       0.6    0.4812    0.2366   0.04263   0.01002         0
   255/299     0.87G   0.02985   0.01254         0   0.04239         4       640    0.5449       0.6    0.4916    0.2519   0.04157    0.0103         0
   256/299     0.87G   0.02977   0.01146         0   0.04123         1       640    0.3999       0.6    0.3563    0.1811   0.04084   0.01161         0
   257/299     0.87G   0.02864   0.01139         0   0.04003         1       640    0.5999    0.5999    0.4454    0.2055   0.04124   0.01116         0
   258/299     0.87G   0.02768   0.01004         0   0.03773         2       640    0.5999       0.6    0.4706    0.1943   0.04268   0.01044         0
   259/299     0.87G   0.02981     0.011         0   0.04081         2       640    0.5454       0.6    0.4639    0.2473   0.03987   0.01054         0
   260/299     0.87G   0.03147   0.01054         0   0.04201         0       640    0.5833       0.7    0.6043    0.2516   0.04141      0.01         0
   261/299     0.87G   0.03077   0.01235         0   0.04312         2       640    0.4444       0.4    0.3494     0.207     0.043   0.01033         0
   262/299     0.87G   0.02782  0.009905         0   0.03772         1       640    0.5817       0.7    0.5462    0.1945   0.03981   0.01204         0
   263/299     0.87G   0.02962   0.01232         0   0.04194         2       640    0.5452    0.5995    0.3988    0.1814   0.03942   0.01221         0
   264/299     0.87G    0.0292   0.01162         0   0.04082         1       640    0.3843       0.5    0.3058    0.1711   0.04258   0.01333         0
   265/299     0.87G   0.02854   0.01189         0   0.04042         2       640    0.5453    0.5996     0.431    0.2134   0.04353   0.01174         0
   266/299     0.87G   0.02765   0.01107         0   0.03871         3       640    0.5454       0.6    0.4632     0.235   0.04257    0.0111         0
   267/299     0.87G   0.02824   0.01183         0   0.04007         1       640    0.5431    0.5947    0.4947    0.2427   0.04127   0.01162         0
   268/299     0.87G   0.02725   0.01056         0    0.0378         0       640    0.6235       0.5    0.4376    0.1953    0.0431   0.01287         0
   269/299     0.87G    0.0278   0.01006         0   0.03787         2       640    0.4959       0.4    0.3356    0.1909   0.04517   0.01257         0
   270/299     0.87G   0.02748   0.01024         0   0.03772         2       640     0.624    0.4982    0.4298    0.1989   0.04299   0.01195         0
   271/299     0.87G   0.02665   0.01016         0   0.03681         1       640     0.623       0.5    0.3981    0.1657   0.04358   0.01187         0
   272/299     0.87G   0.02664   0.01052         0   0.03716         3       640    0.6249       0.5    0.4829    0.2273   0.04604   0.01085         0
   273/299     0.87G   0.02942   0.01172         0   0.04114         0       640    0.9997       0.3    0.3903    0.1768   0.04725   0.01228         0
   274/299     0.87G   0.02985   0.01094         0   0.04079         4       640    0.7125       0.5    0.4823    0.1431   0.04261   0.01411         0
   275/299     0.87G    0.0278   0.01118         0   0.03898         1       640    0.5541       0.5    0.3577    0.1216   0.04145   0.01683         0
   276/299     0.87G   0.02896   0.01186         0   0.04081         2       640    0.4997    0.4995    0.3509    0.1254   0.04282   0.01538         0
   277/299     0.87G   0.02793   0.00996         0   0.03789         4       640    0.3999       0.6    0.3474    0.1113    0.0438   0.01427         0
   278/299     0.87G   0.02875   0.01167         0   0.04042         4       640    0.5552       0.5     0.365    0.1261   0.04433   0.01339         0
   279/299     0.87G   0.02778   0.01109         0   0.03886         2       640    0.5553    0.4996    0.3496    0.1773   0.04264   0.01171         0
   280/299     0.87G   0.02744    0.0101         0   0.03754         4       640    0.5452       0.6    0.4516    0.2111    0.0395   0.01054         0
   281/299     0.87G   0.02655   0.01021         0   0.03676         1       640    0.4165       0.5    0.3156    0.1491   0.03951   0.01194         0
   282/299     0.87G   0.02731  0.009914         0   0.03723         2       640    0.3843    0.4993    0.3082    0.1164   0.04281   0.01333         0
   283/299     0.87G    0.0265   0.01009         0   0.03659         2       640    0.3844    0.4996    0.2755    0.1333   0.04212   0.01328         0
   284/299     0.87G   0.02734   0.01141         0   0.03875         2       640    0.3333       0.5    0.2355    0.1143   0.04277   0.01366         0
   285/299     0.87G   0.02832   0.01124         0   0.03956         1       640    0.3824    0.4957     0.239    0.1005   0.04415   0.01342         0
   286/299     0.87G   0.02665   0.01069         0   0.03734         3       640    0.4165       0.5    0.3165    0.1402    0.0446   0.01141         0
   287/299     0.87G   0.02712   0.01062         0   0.03774         4       640    0.4999    0.4999    0.3497    0.1728   0.04278   0.01127         0
   288/299     0.87G   0.02564    0.0103         0   0.03594         3       640    0.5453       0.6    0.4547     0.208    0.0423   0.01088         0
   289/299     0.87G   0.02667   0.01071         0   0.03738         2       640    0.5384       0.7    0.5145    0.2113   0.04212   0.01027         0
   290/299     0.87G   0.02725   0.01068         0   0.03793         2       640    0.5993       0.6    0.4332    0.1998   0.04137   0.01006         0
   291/299     0.87G   0.02708   0.01054         0   0.03762         4       640    0.4999       0.5    0.3263     0.152   0.04233   0.01058         0
   292/299     0.87G   0.02714   0.01023         0   0.03737         2       640    0.5551       0.5    0.3111    0.1763   0.04279  0.009756         0
   293/299     0.87G   0.02765   0.01085         0    0.0385         2       640    0.5454       0.6    0.3935    0.1946   0.04319   0.01034         0
   294/299     0.87G   0.02634   0.01135         0   0.03769         0       640    0.5453       0.6     0.425    0.1708   0.04308   0.01028         0
   295/299     0.87G   0.02584    0.0102         0   0.03604         2       640    0.4994       0.5    0.3758    0.1829   0.04315   0.01097         0
   296/299     0.87G    0.0272   0.01141         0    0.0386         2       640    0.4543    0.4996    0.3568    0.2074   0.04106   0.01063         0
   297/299     0.87G    0.0265   0.01008         0   0.03658         1       640    0.5554       0.5    0.4061    0.1887   0.03964   0.01022         0
   298/299     0.87G   0.02501   0.01031         0   0.03532         1       640    0.5555       0.5    0.3301    0.1748   0.04179   0.01017         0
   299/299     0.87G    0.0261   0.01069         0   0.03679         4       640    0.4999    0.4998    0.3175    0.1555   0.04185   0.01076         0
