      0/29     3.09G   0.07885   0.02428   0.06561    0.1687        93       384    0.1071    0.5616    0.1123   0.05632   0.01009  0.007311   0.02153
      1/29      5.3G   0.04038   0.01872   0.06162    0.1207        73       384     0.231    0.4031    0.1746    0.1628   0.01569  0.003476   0.02005
      2/29      5.3G    0.0336   0.01289   0.06154     0.108        82       384    0.1591    0.6685    0.2341    0.2282   0.01533  0.003233   0.01978
      3/29      5.3G   0.02738   0.01023    0.0603   0.09791        81       384    0.1988    0.8085    0.2991    0.2918   0.00448  0.001979   0.01839
      4/29      5.3G   0.02551  0.008921   0.05929   0.09373        88       384    0.1982    0.8922    0.3913    0.2699   0.01066  0.002222   0.01766
      5/29      5.3G   0.02365  0.007888   0.05727   0.08881        87       384    0.4089    0.7551    0.5244    0.4712  0.008019  0.001736   0.01443
      6/29      5.3G   0.02197  0.007361   0.05468   0.08402        84       384     0.432    0.8453    0.6422    0.6131  0.006292  0.002058    0.0121
      7/29      5.3G   0.02134  0.007012   0.05294   0.08129        74       384    0.5987    0.8423    0.7299    0.7154  0.004076   0.00228   0.01062
      8/29      5.3G   0.01994  0.006637   0.05021   0.07679        89       384    0.6368    0.8321    0.7717    0.7106  0.005535  0.002048   0.01001
      9/29      5.3G   0.01803  0.006374   0.04766   0.07206        88       384    0.8103    0.9575    0.9084    0.8247  0.006243  0.002045  0.004954
     10/29      5.3G   0.01647  0.006205   0.04503    0.0677        87       384    0.8722    0.9433    0.9471    0.8946  0.004953  0.002508  0.004308
     11/29      5.3G    0.0172  0.005988   0.04521   0.06839        90       384    0.8512    0.9293    0.9465    0.9181  0.005773  0.002128  0.004801
     12/29      5.3G   0.01615  0.005647   0.04403   0.06583        80       384    0.8276    0.8486    0.9111    0.8785  0.004472  0.002265  0.006186
     13/29      5.3G   0.01637  0.005562   0.04442   0.06635        83       384    0.8465    0.7874    0.9498    0.8676  0.004883  0.003189  0.007097
     14/29      5.3G   0.01449  0.005396   0.04313   0.06301        88       384    0.9381    0.9301    0.9793    0.8793   0.00569  0.003032  0.003088
     15/29      5.3G    0.0139  0.005177   0.04188   0.06095        93       384    0.8234    0.8824    0.9551    0.9056  0.003383  0.003515  0.006209
     16/29      5.3G   0.01305  0.004913    0.0408   0.05876        91       384    0.9468    0.9503    0.9832    0.9646  0.003026  0.002706  0.002024
     17/29      5.3G   0.01217  0.004584    0.0407   0.05745        86       384      0.95    0.9353    0.9846    0.9752  0.004009   0.00288  0.002784
     18/29      5.3G   0.01175  0.004368   0.03949   0.05561        84       384    0.9184    0.8819    0.9674    0.9426  0.003076  0.002751  0.004468
     19/29      5.3G   0.01126  0.004389   0.04083   0.05648        75       384    0.9541    0.9564    0.9904    0.9425  0.003397  0.003435   0.00191
     20/29      5.3G   0.01019  0.004079   0.03992   0.05419        97       384    0.9479    0.9457    0.9859    0.9666  0.003112  0.003574  0.002251
     21/29      5.3G  0.009522  0.003922   0.04104   0.05448        93       384    0.9554    0.9438    0.9872    0.9563  0.003381  0.003382  0.002256
     22/29      5.3G  0.008642  0.003707    0.0389   0.05125        80       384    0.9683    0.9545    0.9898    0.9304  0.002951  0.003674  0.001813
     23/29      5.3G  0.008653  0.003624    0.0386   0.05088        80       384    0.9775    0.9572    0.9928    0.9385  0.003555  0.003369  0.001685
     24/29      5.3G  0.008263  0.003509   0.03846   0.05023        90       384    0.9725    0.9497    0.9909    0.9163  0.003198  0.003469  0.001568
     25/29      5.3G  0.007862  0.003381   0.03668   0.04793        83       384    0.9683    0.9535    0.9908     0.943   0.00341  0.003678  0.002041
     26/29      5.3G   0.00748  0.003125   0.03652   0.04713        83       384    0.9722    0.9769    0.9932    0.9849  0.002637  0.004055  0.001132
     27/29      5.3G  0.006681  0.003177   0.03753   0.04739        92       384    0.9836     0.984    0.9944    0.9197  0.003427  0.003559 0.0008563
     28/29      5.3G   0.00629  0.003022   0.03628   0.04559        87       384    0.9838    0.9788    0.9943    0.9608  0.002984  0.003632  0.000916
     29/29      5.3G  0.005965  0.002997   0.03626   0.04522        76       384    0.9808    0.9797    0.9939    0.9708  0.002409  0.003825 0.0009876
