      0/49     1.55G   0.05621   0.02271   0.06261    0.1415        52       224    0.1662    0.6685    0.3289    0.1486   0.02281  0.003787   0.03615
      1/49     1.54G   0.03149    0.0157   0.05484     0.102        45       224    0.5209    0.7741    0.6673    0.5986   0.01375  0.003358   0.02439
      2/49     1.54G   0.02813   0.01377    0.0467   0.08859        58       224    0.7598    0.8253    0.8444    0.5562   0.01901  0.002955   0.01457
      3/49     1.54G   0.02416   0.01284    0.0423    0.0793        47       224    0.7923    0.8646    0.8646    0.6796   0.01243  0.002941   0.01238
      4/49     1.54G    0.0214   0.01208   0.03968   0.07316        58       224    0.8659    0.9284    0.9372    0.7326   0.01394  0.002483  0.008062
      5/49     1.55G   0.02026   0.01152   0.03773   0.06951        55       224    0.9386    0.9122    0.9718    0.7444   0.01473  0.002582  0.007068
      6/49     1.55G    0.0194   0.01127   0.03619   0.06685        52       224    0.9471    0.9585    0.9856    0.7914   0.01207  0.002265  0.004733
      7/49     1.55G    0.0187     0.011   0.03528   0.06497        47       224    0.9158    0.9172    0.9687    0.7897   0.01244  0.002709  0.006685
      8/49     1.55G   0.01819    0.0107   0.03456   0.06344        49       224    0.9226    0.9688    0.9793    0.7886   0.01205  0.003357  0.004739
      9/49     1.55G   0.01761   0.01048   0.03388   0.06196        45       224    0.9514    0.9454    0.9821    0.7986   0.01071  0.002193  0.004746
     10/49     1.55G   0.01714   0.01042   0.03311   0.06067        47       224    0.9498    0.9654    0.9811    0.7841   0.01291  0.002576  0.004246
     11/49     1.55G   0.01693   0.01026   0.03267   0.05986        53       224     0.967    0.9564    0.9906    0.7921   0.01306  0.002772   0.00331
     12/49     1.55G   0.01659   0.01016   0.03224   0.05899        54       224    0.9611    0.9594    0.9847    0.7917   0.01064  0.002426  0.003744
     13/49     1.55G   0.01624   0.01001   0.03199   0.05825        47       224    0.9515    0.9808    0.9898    0.7905   0.01154  0.003028   0.00318
     14/49     1.55G   0.01594  0.009932   0.03142    0.0573        48       224    0.9307      0.96    0.9887    0.8107   0.01149  0.002358   0.00439
     15/49     1.55G   0.01578  0.009864   0.03102   0.05667        47       224    0.9583    0.9705    0.9884    0.7936   0.01187  0.002194  0.003383
     16/49     1.55G   0.01547   0.00964   0.03065   0.05576        49       224    0.9637    0.9649    0.9871    0.7911   0.01059  0.002776  0.003239
     17/49     1.55G   0.01521   0.00945   0.02983   0.05449        41       224    0.9672    0.9793    0.9899    0.8037   0.01229  0.002435  0.002647
     18/49     1.55G   0.01489  0.009436   0.02985   0.05418        43       224    0.9746    0.9617    0.9901    0.8054   0.01194  0.002635  0.002658
     19/49     1.55G   0.01481  0.009316   0.02969   0.05382        44       224     0.972    0.9596    0.9884    0.7984   0.01127  0.002369  0.002874
     20/49     1.55G   0.01463  0.009337   0.02951   0.05348        47       224    0.9692    0.9621    0.9891    0.8016   0.01141   0.00225  0.002981
     21/49     1.55G   0.01424  0.009192   0.02939   0.05282        43       224    0.9737    0.9648    0.9872    0.7905   0.01252  0.002415   0.00263
     22/49     1.55G   0.01416   0.00917   0.02885   0.05218        50       224    0.9653    0.9747    0.9881    0.7894   0.01304  0.002527  0.002835
     23/49     1.55G   0.01401  0.009119   0.02854   0.05166        51       224    0.9779    0.9702    0.9894    0.8001     0.011  0.002527  0.002438
     24/49     1.55G   0.01376  0.008918    0.0287   0.05138        50       224     0.978    0.9783    0.9918     0.794   0.01259  0.002521  0.002182
     25/49     1.55G   0.01347  0.008837    0.0282   0.05052        51       224    0.9765    0.9733    0.9885    0.7986   0.01104  0.002324  0.002315
     26/49     1.55G   0.01337  0.008907   0.02761   0.04989        51       224    0.9811     0.975    0.9899    0.7924   0.01155  0.002414  0.002253
     27/49     1.55G   0.01325  0.008794   0.02834   0.05038        49       224    0.9783    0.9767    0.9913    0.7935    0.0123  0.002849  0.002228
     28/49     1.55G   0.01304  0.008715   0.02735   0.04911        46       224    0.9795    0.9781    0.9897    0.7934    0.0111  0.002522   0.00235
     29/49     1.55G   0.01289  0.008582   0.02733    0.0488        57       224    0.9798    0.9751    0.9885    0.8148   0.01129  0.002339  0.002364
     30/49     1.55G   0.01278  0.008642   0.02763   0.04906        48       224    0.9793     0.977    0.9908    0.7959   0.01134  0.002428  0.002073
     31/49     1.55G   0.01262  0.008653   0.02703    0.0483        47       224    0.9846     0.974    0.9912    0.7936    0.0122  0.002559  0.002024
     32/49     1.55G   0.01246  0.008448   0.02705   0.04796        52       224    0.9812    0.9777    0.9904    0.7928   0.01202  0.002607  0.002224
     33/49     1.55G   0.01227  0.008369   0.02656    0.0472        49       224    0.9715    0.9817    0.9904    0.7926   0.01154  0.002297  0.002304
     34/49     1.55G    0.0121  0.008361   0.02633   0.04678        37       224     0.986    0.9729    0.9904    0.7938   0.01145  0.002742  0.002194
     35/49     1.55G   0.01197  0.008231   0.02675   0.04694        40       224    0.9818    0.9808    0.9907    0.7927   0.01186  0.002722  0.002158
     36/49     1.55G   0.01184  0.008259     0.026    0.0461        47       224    0.9816    0.9794    0.9896    0.7936   0.01186   0.00258  0.002022
     37/49     1.55G   0.01165  0.008071   0.02594   0.04567        46       224    0.9775    0.9799      0.99    0.7938   0.01117  0.002475  0.001936
     38/49     1.55G   0.01143  0.008099   0.02595   0.04548        48       224    0.9722    0.9876    0.9919    0.7947    0.0115   0.00264  0.001818
     39/49     1.55G   0.01138  0.008052   0.02569   0.04512        52       224    0.9865    0.9815    0.9908     0.796   0.01164  0.002722  0.001776
     40/49     1.55G   0.01113  0.007782   0.02511   0.04402        47       224    0.9781    0.9834    0.9897    0.7929   0.01151   0.00269  0.001969
     41/49     1.55G   0.01111  0.007918   0.02549   0.04452        49       224    0.9842    0.9777    0.9906    0.7929   0.01148  0.002633  0.001906
     42/49     1.55G   0.01094  0.007753    0.0251    0.0438        47       224     0.978    0.9857      0.99    0.7921   0.01211  0.002739  0.001856
     43/49     1.55G   0.01102  0.007681   0.02548   0.04418        52       224    0.9775    0.9807    0.9899    0.7912   0.01267   0.00278  0.001957
     44/49     1.55G   0.01082  0.007659   0.02487   0.04335        47       224    0.9772    0.9826    0.9898    0.7925   0.01233  0.002723   0.00191
     45/49     1.55G   0.01071  0.007595   0.02437   0.04268        53       224    0.9718    0.9844    0.9906    0.7926   0.01202  0.002433  0.001944
     46/49     1.55G   0.01066  0.007695   0.02482   0.04317        55       224    0.9775    0.9846    0.9898    0.7918   0.01187  0.002543  0.001904
     47/49     1.55G   0.01058   0.00759   0.02462   0.04279        46       224    0.9785    0.9825    0.9911     0.793   0.01176  0.002673  0.001762
     48/49     1.55G   0.01051  0.007518   0.02488   0.04292        50       224    0.9873    0.9764    0.9913    0.7931   0.01219  0.002557  0.001718
     49/49     1.55G   0.01043  0.007595    0.0245   0.04253        47       224    0.9838    0.9808    0.9909    0.7928     0.012  0.002448  0.001801
