      0/29    0.868G   0.08522   0.01781         0     0.103         1       640         0         0         0         0   0.08742   0.01357         0
      1/29    0.868G   0.08237   0.02103         0    0.1034         3       640   0.02434       0.1  0.007087   0.00196   0.08583   0.01392         0
      2/29    0.868G   0.07275   0.02057         0   0.09331         1       640 0.0006667       0.2 0.0001368 2.418e-05   0.07725    0.0173         0
      3/29    0.868G   0.07667   0.02051         0   0.09718         1       640 0.0006667       0.2 0.0001368 2.418e-05   0.07725    0.0173         0
      4/29    0.868G   0.07712   0.02191         0   0.09903         1       640 0.0006667       0.2 0.0001368 2.418e-05   0.07725    0.0173         0
      5/29    0.868G   0.07509   0.02067         0   0.09576         1       640 0.0006667       0.2 0.0001368 2.418e-05   0.07725    0.0173         0
      6/29    0.868G    0.0787   0.02165         0    0.1003         1       640 0.0006667       0.2 0.0001368 2.418e-05   0.07725    0.0173         0
      7/29    0.868G    0.0746   0.01814         0   0.09274         1       640  0.002564       0.1 0.0004608 5.502e-05   0.08328   0.02218         0
      8/29    0.868G   0.08428   0.02163         0    0.1059         3       640  0.004852       0.2  0.001313 0.0005439   0.08251   0.01218         0
      9/29    0.868G     0.077   0.02246         0   0.09946         2       640   0.03259       0.1  0.005904 0.0007455   0.08189   0.01281         0
     10/29    0.868G   0.07382   0.02142         0   0.09524         3       640    0.4977       0.1   0.06198   0.01103   0.07727   0.01704         0
     11/29    0.868G   0.07716   0.02143         0   0.09858         1       640 0.0007427       0.2 0.0001526 3.051e-05   0.08273   0.01666         0
     12/29    0.868G   0.07139   0.02026         0   0.09165         3       640   0.08389       0.1   0.01531  0.004043   0.07616   0.01225         0
     13/29    0.868G   0.06984   0.01866         0   0.08849         2       640    0.8628       0.1    0.1055   0.06016   0.07047   0.01543         0
     14/29    0.868G    0.0734   0.01939         0   0.09279         1       640    0.9922       0.1    0.1027   0.01151   0.07137   0.01756         0
     15/29    0.868G   0.06799   0.02021         0    0.0882         2       640   0.06169       0.1   0.01013   0.00196   0.07321   0.02004         0
     16/29    0.868G   0.06825    0.0203         0   0.08854         2       640    0.3196       0.1   0.04121   0.01264   0.06907   0.01354         0
     17/29    0.868G   0.06483   0.01898         0   0.08381         3       640    0.3317       0.3    0.1995   0.05904   0.07006   0.01292         0
     18/29    0.868G   0.06382   0.01931         0   0.08313         2       640     0.221       0.2    0.1387   0.01445   0.06829   0.01233         0
     19/29    0.868G   0.06265   0.01832         0   0.08097         1       640    0.1505       0.3    0.1293   0.03334   0.06673    0.0127         0
     20/29    0.868G   0.06332   0.01999         0    0.0833         2       640    0.1143       0.3   0.04815  0.009733    0.0638   0.01204         0
     21/29    0.868G    0.0646   0.02042         0   0.08503         7       640    0.3315       0.1   0.05585   0.03029   0.06163    0.0125         0
     22/29    0.868G   0.06222   0.01944         0   0.08167         2       640    0.3323       0.1   0.05311   0.01763   0.06364   0.01349         0
     23/29    0.868G   0.05988   0.01938         0   0.07926         1       640    0.6654       0.2    0.1418   0.05088    0.0599   0.01205         0
     24/29    0.868G   0.05867   0.01954         0   0.07821         2       640    0.2189    0.3928    0.1361   0.02899   0.06226   0.01209         0
     25/29    0.868G   0.05995   0.01856         0   0.07851         3       640    0.4997       0.2    0.1842   0.04047   0.05969    0.0129         0
     26/29    0.868G   0.05754   0.01981         0   0.07735         2       640    0.2855       0.2    0.0846   0.02536   0.05799   0.01344         0
     27/29    0.868G   0.05617   0.01959         0   0.07576         1       640    0.9993       0.2    0.2464   0.07014   0.05865    0.0122         0
     28/29    0.868G   0.05843   0.01867         0    0.0771         2       640    0.1901       0.4     0.161   0.07588   0.05849    0.0123         0
     29/29    0.868G   0.05621   0.01991         0   0.07612         1       640    0.3635       0.4    0.2386   0.05355   0.05826   0.01348         0
