      0/49    0.159G   0.06658  0.007211   0.06127    0.1351       102        32   0.07032    0.5052    0.1426   0.05547   0.09464  0.004877   0.06004
      1/49    0.256G   0.04707  0.005513   0.05593    0.1085       100        32   0.09566    0.3401   0.08715   0.01853    0.1108  0.006112      0.06
      2/49    0.256G   0.04598  0.006141   0.05965    0.1118        91        32    0.1311    0.1633   0.03931   0.01635    0.1134  0.006087   0.06547
      3/49    0.256G   0.03944  0.005841    0.0583    0.1036        91        32    0.1547    0.6571    0.1893   0.04854    0.1082  0.005035   0.07603
      4/49    0.256G   0.04578  0.006189   0.05909    0.1111        99        32    0.3507   0.04215   0.04818  0.008427    0.1211   0.00476    0.0619
      5/49    0.256G   0.04492  0.006401   0.05974    0.1111       101        32    0.1155    0.1719  0.009287  0.001583    0.1184  0.005834   0.06308
      6/49    0.256G   0.03872  0.005979   0.05708    0.1018        97        32    0.1573    0.1146     0.037  0.004664     0.117  0.005458   0.05981
      7/49    0.256G   0.03703  0.005672    0.0548    0.0975       110        32     0.231   0.06171   0.01704  0.001984    0.1241  0.005605   0.05602
      8/49    0.256G   0.03455  0.005386   0.05199   0.09192        94        32   0.05455    0.1693   0.02734  0.002899    0.1203  0.005465   0.05712
      9/49    0.256G   0.03333  0.005221   0.04905   0.08761        88        32    0.1213   0.03535  0.003961 0.0004019    0.1251  0.005962   0.05524
     10/49    0.256G   0.03616  0.005536   0.05039   0.09209        95        32    0.2466    0.1309   0.02326  0.002436    0.1138  0.006177   0.05916
     11/49    0.256G   0.03429  0.005382   0.04819   0.08787       104        32    0.1608    0.2969    0.1681   0.01952    0.1159   0.00568   0.05293
     12/49    0.256G   0.03237  0.005063    0.0448   0.08223        97        32     0.158    0.2762    0.1634   0.01998    0.1192  0.006153    0.0501
     13/49    0.256G   0.03157  0.004918   0.04306   0.07956       101        32    0.1537    0.2874    0.1564   0.01668    0.1192  0.006847   0.04813
     14/49    0.256G   0.03082  0.004786   0.04144   0.07704        97        32    0.1562    0.2986    0.1416   0.01466     0.117  0.007286   0.04937
     15/49    0.256G   0.03027  0.004694   0.03976   0.07473        93        32    0.1433    0.2816    0.1122   0.01169    0.1154  0.007765   0.04932
     16/49    0.256G   0.02982  0.004606   0.03841   0.07284        94        32    0.1409    0.2464   0.09189  0.009633    0.1151  0.007868   0.04988
     17/49    0.256G    0.0294  0.004534   0.03726    0.0712       103        32    0.1458    0.2477   0.09567  0.009954    0.1141   0.00779   0.04859
     18/49    0.256G   0.02903  0.004479   0.03596   0.06946       106        32    0.1496    0.2754    0.1062   0.01106    0.1131   0.00748   0.04763
     19/49    0.256G   0.02884  0.004415   0.03506   0.06831       106        32    0.1311    0.2399   0.09186  0.009549    0.1129  0.007236   0.04699
     20/49    0.256G   0.02829  0.004355   0.03381   0.06646        93        32    0.1173    0.1964   0.07091    0.0073    0.1132  0.006967   0.04599
     21/49    0.256G   0.02806   0.00432   0.03316   0.06554        90        32    0.2099    0.1541   0.05804  0.005937    0.1132  0.006786   0.04582
     22/49    0.256G    0.0278  0.004277   0.03215   0.06423       109        32    0.1876    0.1172    0.0403  0.004075    0.1137   0.00664    0.0453
     23/49    0.256G   0.02751  0.004218    0.0315   0.06323       100        32    0.1661   0.08067   0.02687  0.002699    0.1142  0.006557   0.04464
     24/49    0.256G   0.02738  0.004194   0.03084   0.06242        96        32    0.1389   0.04903   0.01195  0.001199    0.1158  0.006524   0.04485
     25/49    0.256G   0.02707  0.004159   0.02997   0.06121       103        32    0.1198   0.02548  0.003926 0.0003937    0.1177  0.006495   0.04491
     26/49    0.256G   0.02692  0.004116   0.02943   0.06046       103        32      0.11    0.0132  0.001154 0.0001155    0.1189  0.006548   0.04535
     27/49    0.256G   0.02683  0.004115   0.02881   0.05975        92        32    0.1037  0.005625 0.0001831 1.831e-05    0.1204  0.006604     0.046
     28/49    0.256G   0.02649  0.004056   0.02832   0.05887        99        32    0.1012  0.001535 2.096e-05 2.096e-06    0.1218  0.006631   0.04672
     29/49    0.256G   0.02633   0.00405    0.0278   0.05818       105        32    0.1009  0.001125 8.101e-06 8.101e-07    0.1221  0.006501   0.04668
     30/49    0.256G   0.02604  0.003974   0.02666   0.05668        95        32 0.0005114 0.0008173 3.155e-06 3.155e-07    0.1224  0.006391   0.04671
     31/49    0.256G   0.02576  0.003948   0.02637   0.05608        98        32 0.0003452 0.0005151 1.845e-06 1.845e-07    0.1228  0.006281   0.04675
     32/49    0.256G   0.02558   0.00394    0.0261   0.05562       106        32 0.0004795 0.0007204 7.343e-06 7.345e-07    0.1229  0.006165   0.04671
     33/49    0.256G   0.02535  0.003905    0.0258   0.05505       106        32 0.0003712 0.0006171 4.026e-05 4.027e-06     0.123  0.006073   0.04663
     34/49    0.256G   0.02501  0.003862   0.02496   0.05383       102        32 0.0007913  0.001338  4.44e-05 4.441e-06    0.1231  0.005902    0.0465
     35/49    0.256G   0.02493  0.003839    0.0248   0.05357        96        32    0.1016  0.001439  4.47e-05 4.471e-06     0.123  0.005779   0.04586
     36/49    0.256G    0.0244  0.003803   0.02405   0.05225        91        32  0.001681  0.002465 4.269e-05  4.27e-06    0.1231  0.005699   0.04552
     37/49    0.256G   0.02472  0.003831   0.02419   0.05274       103        32    0.1034  0.002978 0.0006007 6.007e-05    0.1231   0.00563    0.0452
     38/49    0.256G   0.02418  0.003758   0.02376   0.05169       101        32  0.007888  0.006759 0.0006023 6.023e-05     0.123   0.00555   0.04448
     39/49    0.256G   0.02396  0.003739   0.02315   0.05085        91        32   0.01298   0.01157  0.001798 0.0001798    0.1229    0.0054   0.04372
     40/49    0.256G   0.02363  0.003701   0.02283   0.05015        92        32   0.02365    0.0222  0.005894 0.0005894    0.1226  0.005259   0.04274
     41/49    0.256G   0.02341  0.003671   0.02268   0.04977        92        32   0.04611   0.04155   0.01724  0.001725    0.1222  0.005098    0.0417
     42/49    0.256G   0.02332  0.003654   0.02233    0.0493        96        32   0.08954   0.07486   0.04375  0.004381    0.1217  0.004904    0.0405
     43/49    0.256G   0.02329  0.003644   0.02203   0.04896       102        32    0.1544    0.1053   0.07034  0.007057    0.1213  0.004757   0.03954
     44/49    0.256G   0.02316  0.003628   0.02212   0.04891        95        32    0.2051    0.1718    0.1158   0.01168    0.1208   0.00463   0.03828
     45/49    0.256G    0.0229  0.003595   0.02166   0.04816        91        32    0.2524    0.2319     0.159   0.01611    0.1204  0.004561   0.03784
     46/49    0.256G   0.02272  0.003583   0.02133   0.04763       101        32     0.316    0.2773    0.2039   0.02088      0.12  0.004508   0.03764
     47/49    0.256G   0.02269  0.003551   0.02108   0.04732       102        32    0.3604    0.3587    0.2812   0.02911    0.1195  0.004436   0.03727
     48/49    0.256G    0.0226  0.003551   0.02115    0.0473       103        32    0.4169    0.4179    0.3492   0.03644    0.1191  0.004399   0.03698
     49/49    0.256G   0.02255  0.003541   0.02105   0.04714        94        32     0.468    0.4686    0.4132   0.04357     0.119  0.004339   0.03651
