      0/29    0.424G     0.123    0.0389   0.07334    0.2352         8       416  0.001004   0.01012 0.0001057  3.59e-05    0.1196    0.0549   0.07261
      1/29    0.468G    0.1218   0.04515   0.07237    0.2393        13       416  0.001827  0.006455 0.0001426 3.096e-05    0.1189   0.05604   0.07261
      2/29     0.47G    0.1205    0.0435   0.07197     0.236        13       416  0.001774  0.006455 9.912e-05 1.809e-05    0.1174   0.05784   0.07236
      3/29     0.47G    0.1193   0.04594   0.07171    0.2369        19       416  0.001687  0.006455 0.0001697 1.697e-05    0.1158   0.05996   0.07213
      4/29     0.47G    0.1162   0.05044   0.07011    0.2367        60       416   0.00049  0.008876  6.21e-05  6.21e-06    0.1144   0.06179   0.07205
      5/29     0.47G    0.1143   0.05145    0.0695    0.2353        17       416  0.001164   0.01953 0.0002337 4.651e-05    0.1133   0.06314    0.0716
      6/29     0.47G    0.1135   0.05564   0.06849    0.2377        14       416  0.001388  0.009952  0.000204 4.107e-05    0.1126   0.06402   0.07139
      7/29     0.47G    0.1113   0.05234   0.06813    0.2318        21       416  0.001506      0.03 0.0003095 3.508e-05    0.1115   0.06553   0.07099
      8/29     0.47G    0.1096   0.05144   0.06697     0.228        10       416  0.002187   0.02301  0.000678 9.092e-05    0.1106   0.06652   0.07067
      9/29     0.47G    0.1086   0.05515   0.06539    0.2292        34       416  0.005746   0.03715  0.002747 0.0003954    0.1094   0.06722   0.07026
     10/29     0.47G    0.1081   0.05341   0.06496    0.2265        14       416  0.007551   0.02564  0.003444 0.0006448    0.1086   0.06744   0.06983
     11/29     0.47G    0.1066   0.05601   0.06397    0.2266        21       416   0.09326   0.02318  0.008407  0.001816    0.1077   0.06802   0.06951
     12/29     0.47G    0.1044   0.05162   0.06277    0.2188         8       416    0.4058   0.02564   0.01693  0.005766    0.1063   0.06897   0.06906
     13/29     0.47G    0.1028   0.05768   0.06118    0.2217        32       416    0.3305   0.03245   0.02061  0.006846    0.1056    0.0695   0.06888
     14/29     0.47G    0.1016   0.05586   0.05984    0.2173         8       416    0.5663   0.02564   0.02112  0.005984    0.1051   0.06991   0.06856
     15/29     0.47G    0.1002   0.05313   0.05977    0.2131        11       416    0.6491   0.03419   0.02473  0.006148    0.1043   0.06975   0.06822
     16/29     0.47G       0.1   0.04614   0.05889     0.205         7       416    0.8829   0.03419   0.02608  0.004183    0.1038   0.06956   0.06814
     17/29     0.47G    0.1015   0.06037   0.05693    0.2188        28       416    0.8803   0.03408    0.0248  0.004612    0.1036   0.06958   0.06775
     18/29     0.47G   0.09773   0.05158   0.05599    0.2053        20       416    0.9666   0.03419   0.03157  0.005079    0.1031   0.06948   0.06748
     19/29     0.47G   0.09807   0.05866   0.05518    0.2119        16       416    0.9738   0.03419    0.0347  0.006912    0.1025   0.06968   0.06725
     20/29     0.47G   0.09662   0.05254   0.05451    0.2037         8       416    0.9669   0.03419   0.02736   0.00794    0.1014   0.07008   0.06697
     21/29     0.47G   0.09673   0.05687    0.0544     0.208         8       416    0.9846   0.03419   0.03954   0.01106    0.1003   0.07043   0.06659
     22/29     0.47G   0.09681   0.05045   0.05429    0.2016        12       416    0.9845   0.03419   0.04006   0.01554    0.1001   0.06996   0.06662
     23/29     0.47G   0.09675   0.05227   0.05378    0.2028        11       416    0.9668   0.03419   0.03923   0.01898   0.09973   0.06981   0.06653
     24/29     0.47G   0.09539   0.05392   0.05173     0.201        33       416    0.9994   0.03419   0.04501   0.01547   0.09945   0.06928   0.06635
     25/29     0.47G   0.09424   0.04477   0.05143    0.1904         6       416    0.9844   0.03382   0.04221   0.01439   0.09902   0.06975   0.06591
     26/29     0.47G   0.09332   0.05249   0.05155    0.1974         8       416    0.9743   0.03419   0.04221   0.01701   0.09883   0.06955   0.06587
     27/29     0.47G   0.09359    0.0557   0.05324    0.2025        17       416    0.9846   0.03412   0.04476    0.0123   0.09807   0.06935   0.06582
     28/29     0.47G   0.09189   0.05578   0.04956    0.1972        36       416    0.9846   0.03418   0.04485   0.01894   0.09727   0.07012    0.0655
     29/29     0.47G   0.09165   0.05255   0.05112    0.1953        32       416     0.971   0.04274   0.04578   0.01785   0.09711   0.06986   0.06537
