      0/49     1.68G   0.06598   0.01971   0.06335     0.149        37       224    0.1699    0.5438    0.2313    0.1214   0.02257  0.005075    0.0393
      1/49     1.97G   0.03906   0.01556   0.05564    0.1103        35       224     0.268    0.8737    0.4661    0.1966   0.02652  0.004094   0.02946
      2/49     1.97G   0.03557   0.01327   0.04392   0.09276        44       224    0.6021    0.8349    0.7408    0.4968    0.0161  0.003984   0.01916
      3/49     1.97G   0.03239   0.01238   0.03481   0.07958        34       224    0.8333    0.9317    0.8976    0.6349   0.01614  0.003308   0.01011
      4/49     1.97G   0.02966   0.01189   0.02963   0.07118        46       224    0.8913    0.9092    0.9599    0.7169    0.0147  0.003785    0.0089
      5/49     1.97G   0.02739   0.01157   0.02773   0.06669        51       224    0.8841    0.9427    0.9788    0.7674   0.01413  0.003527  0.007974
      6/49     1.97G     0.026   0.01143   0.02676   0.06419        37       224    0.9025    0.9142    0.9712    0.5638   0.02201  0.003966  0.007498
      7/49     1.97G   0.02419    0.0111   0.02505   0.06033        40       224    0.9408    0.9394     0.982    0.6937   0.01683  0.003119   0.00536
      8/49     1.97G   0.02292   0.01058   0.02293   0.05642        27       224    0.9128    0.8745    0.9631    0.5483   0.02295  0.003146  0.009358
      9/49     1.97G   0.02217   0.01038   0.02235    0.0549        38       224    0.9364    0.9699    0.9875    0.7889   0.01032  0.003875  0.004209
     10/49     1.97G   0.02132   0.01021   0.02166   0.05319        31       224    0.9525    0.9521    0.9829    0.7786   0.01079  0.003701  0.004654
     11/49     1.97G   0.02063  0.009921   0.02068   0.05123        42       224    0.9531    0.9448    0.9809    0.8182  0.009574  0.003288  0.004074
     12/49     1.97G   0.02043  0.009907   0.02014   0.05047        43       224    0.9548    0.9666    0.9823     0.792   0.01075  0.004297   0.00346
     13/49     1.97G   0.01985  0.009694   0.01984   0.04938        41       224    0.9646    0.9753    0.9885    0.7895   0.01051  0.003642  0.002962
     14/49     1.97G   0.01938  0.009572   0.01978   0.04873        47       224    0.9602    0.9829    0.9885    0.8571  0.008326  0.003794  0.002633
     15/49     1.97G   0.01918  0.009458   0.01889   0.04753        37       224    0.9799    0.9662    0.9917    0.7863   0.01153   0.00378   0.00232
